%Time (sec)	TC 0 - Near Chiller	TC 1	TC 2	TC 3	TC 4	TC 5	TC 6	TC 7 	TC 8 - Near Heater						10/14/2019	4:30 PM
0.0	17.0	16.7	16.6	16.6	16.6	16.6	16.6	16.7	16.6
10.0	17.0	16.7	16.6	16.6	16.6	16.6	16.6	16.7	16.7
20.0	17.0	16.7	16.6	16.6	16.6	16.7	16.6	16.7	16.7
30.0	17.0	16.7	16.6	16.6	16.6	16.7	16.6	16.8	16.7
40.0	17.0	16.7	16.6	16.6	16.6	16.6	16.6	16.7	16.7
50.0	17.0	16.7	16.6	16.6	16.6	16.7	16.6	16.8	16.7
60.0	17.0	16.7	16.6	16.6	16.6	16.7	16.6	16.7	16.7
70.0	17.1	16.7	16.6	16.6	16.6	16.7	16.6	16.8	16.7
80.0	17.0	16.7	16.6	16.6	16.6	16.7	16.6	16.7	16.7
90.0	17.1	16.7	16.6	16.6	16.6	16.7	16.6	16.7	16.7
100.0	17.1	16.7	16.6	16.6	16.6	16.7	16.6	16.7	16.7
110.0	17.1	16.7	16.6	16.6	16.6	16.7	16.6	16.7	16.7
120.0	17.1	16.7	16.6	16.6	16.6	16.7	16.6	16.7	16.7
130.0	17.0	16.7	16.6	16.6	16.6	16.6	16.6	16.7	16.6
140.0	17.1	16.7	16.6	16.6	16.6	16.7	16.6	16.7	16.7
150.0	17.1	16.7	16.6	16.6	16.6	16.7	16.6	16.8	16.7
160.0	17.1	16.7	16.6	16.6	16.6	16.7	16.6	16.8	16.7
170.0	17.1	16.8	16.6	16.6	16.6	16.7	16.6	16.7	16.7
180.0	17.2	16.7	16.6	16.6	16.6	16.7	16.6	16.7	16.7
190.0	17.2	16.8	16.6	16.6	16.6	16.7	16.6	16.8	16.7
200.0	17.1	16.8	16.6	16.6	16.6	16.7	16.6	16.8	16.7
210.0	17.1	16.7	16.6	16.6	16.6	16.7	16.6	16.7	16.7
220.0	17.1	16.7	16.6	16.6	16.6	16.7	16.6	16.7	16.7
230.0	17.1	16.7	16.6	16.6	16.6	16.7	16.6	16.7	16.6
240.0	17.1	16.7	16.6	16.6	16.6	16.7	16.6	16.7	16.7
250.0	17.1	16.7	16.6	16.6	16.6	16.7	16.6	16.7	16.6
260.0	17.0	16.7	16.6	16.6	16.6	16.7	16.6	16.7	16.6
270.0	17.1	16.7	16.6	16.6	16.6	16.6	16.6	16.7	16.7
280.0	17.0	16.7	16.6	16.6	16.6	16.7	16.6	16.7	16.6
290.0	17.1	16.7	16.6	16.6	16.6	16.6	16.6	16.7	16.6
300.0	17.0	16.7	16.6	16.6	16.6	16.7	16.6	16.7	16.6
310.0	17.1	16.7	16.6	16.6	16.6	16.6	16.6	16.7	16.6
320.0	17.1	16.7	16.6	16.6	16.6	16.6	16.6	16.7	16.6
330.0	17.1	16.7	16.6	16.6	16.6	16.6	16.6	16.7	16.6
340.0	17.1	16.7	16.6	16.6	16.6	16.6	16.6	16.7	16.6
350.0	17.0	16.7	16.6	16.6	16.6	16.6	16.6	16.7	16.6
360.0	17.0	16.7	16.6	16.6	16.6	16.6	16.6	16.7	16.6
370.0	17.0	16.7	16.6	16.6	16.6	16.6	16.6	16.7	16.6
380.0	17.0	16.7	16.6	16.6	16.6	16.6	16.6	16.7	16.6
390.0	17.1	16.7	16.6	16.6	16.6	16.6	16.6	16.7	16.6
400.0	17.1	16.7	16.6	16.6	16.6	16.6	16.6	16.7	16.6
410.0	17.1	16.7	16.6	16.6	16.6	16.6	16.6	16.7	16.7
420.0	17.1	16.7	16.6	16.6	16.6	16.6	16.6	16.7	16.7
430.0	17.0	16.7	16.6	16.6	16.6	16.6	16.7	16.8	16.8
440.0	17.1	16.7	16.6	16.6	16.6	16.7	16.7	16.9	16.9
450.0	17.1	16.8	16.6	16.6	16.7	16.7	16.8	17.0	17.1
460.0	17.0	16.8	16.7	16.7	16.7	16.8	16.9	17.1	17.2
470.0	17.1	16.8	16.7	16.7	16.8	16.9	17.1	17.2	17.4
480.0	17.1	16.8	16.8	16.8	16.9	17.0	17.2	17.3	17.6
490.0	17.2	16.8	16.8	16.9	17.0	17.1	17.3	17.4	17.8
500.0	17.1	16.9	16.9	16.9	17.1	17.2	17.4	17.6	17.9
510.0	17.1	16.9	16.9	17.0	17.2	17.3	17.6	17.7	18.1
520.0	17.1	17.0	17.0	17.1	17.3	17.4	17.7	17.9	18.3
530.0	17.2	17.0	17.1	17.2	17.4	17.5	17.9	18.1	18.5
540.0	17.2	17.1	17.1	17.3	17.5	17.7	18.0	18.2	18.7
550.0	17.2	17.1	17.2	17.4	17.6	17.8	18.2	18.4	18.8
560.0	17.2	17.2	17.3	17.5	17.7	17.9	18.3	18.5	19.0
570.0	17.2	17.2	17.3	17.6	17.8	18.0	18.5	18.7	19.2
580.0	17.3	17.3	17.4	17.7	17.9	18.2	18.6	18.8	19.3
590.0	17.3	17.3	17.5	17.8	18.0	18.3	18.7	19.0	19.5
600.0	17.3	17.4	17.6	17.8	18.1	18.4	18.9	19.1	19.6
610.0	17.3	17.4	17.6	17.9	18.2	18.5	19.0	19.2	19.8
620.0	17.3	17.5	17.7	18.0	18.3	18.6	19.1	19.4	19.9
630.0	17.3	17.5	17.8	18.1	18.4	18.7	19.2	19.5	20.1
640.0	17.3	17.6	17.8	18.2	18.5	18.8	19.3	19.6	20.2
650.0	17.3	17.6	17.9	18.2	18.6	18.9	19.5	19.7	20.3
660.0	17.4	17.7	17.9	18.3	18.7	19.0	19.6	19.9	20.5
670.0	17.4	17.7	18.0	18.4	18.7	19.1	19.6	20.0	20.6
680.0	17.4	17.8	18.0	18.4	18.8	19.2	19.8	20.1	20.7
690.0	17.3	17.8	18.1	18.5	18.9	19.3	19.8	20.2	20.8
700.0	17.3	17.8	18.1	18.6	19.0	19.4	19.9	20.3	20.9
710.0	17.3	17.9	18.2	18.6	19.0	19.5	20.0	20.4	21.0
720.0	17.3	17.9	18.2	18.7	19.1	19.5	20.1	20.4	21.1
730.0	17.4	18.0	18.3	18.7	19.2	19.6	20.2	20.5	21.2
740.0	17.4	18.0	18.3	18.8	19.2	19.7	20.3	20.6	21.3
750.0	17.4	18.0	18.4	18.8	19.3	19.7	20.3	20.7	21.4
760.0	17.4	18.0	18.4	18.9	19.3	19.8	20.4	20.8	21.5
770.0	17.3	18.1	18.5	18.9	19.4	19.9	20.5	20.9	21.5
780.0	17.4	18.1	18.5	19.0	19.5	19.9	20.5	20.9	21.6
790.0	17.3	18.2	18.6	19.0	19.5	20.0	20.6	21.0	21.7
800.0	17.4	18.2	18.6	19.1	19.5	20.0	20.7	21.1	21.7
810.0	17.4	18.2	18.6	19.1	19.6	20.1	20.7	21.1	21.8
820.0	17.4	18.2	18.6	19.1	19.7	20.2	20.8	21.2	21.9
830.0	17.5	18.3	18.7	19.2	19.7	20.2	20.8	21.3	22.0
840.0	17.4	18.3	18.7	19.2	19.7	20.2	20.9	21.3	22.0
850.0	17.5	18.3	18.7	19.2	19.8	20.3	20.9	21.4	22.1
860.0	17.4	18.3	18.8	19.3	19.8	20.3	21.0	21.4	22.1
870.0	17.4	18.3	18.8	19.3	19.8	20.4	21.0	21.5	22.2
880.0	17.4	18.4	18.8	19.4	19.9	20.4	21.1	21.5	22.3
890.0	17.4	18.4	18.8	19.4	19.9	20.5	21.1	21.6	22.3
900.0	17.4	18.4	18.9	19.4	20.0	20.5	21.2	21.6	22.3
910.0	17.4	18.4	18.9	19.4	20.0	20.5	21.2	21.7	22.4
920.0	17.4	18.4	18.9	19.5	20.0	20.6	21.2	21.7	22.5
930.0	17.4	18.5	18.9	19.5	20.0	20.6	21.3	21.8	22.5
940.0	17.4	18.5	19.0	19.5	20.1	20.7	21.3	21.8	22.5
950.0	17.4	18.5	19.0	19.5	20.1	20.7	21.4	21.8	22.6
960.0	17.4	18.5	19.0	19.6	20.2	20.7	21.4	21.9	22.6
970.0	17.4	18.5	19.0	19.6	20.2	20.8	21.4	21.9	22.7
980.0	17.4	18.6	19.0	19.6	20.2	20.8	21.5	22.0	22.7
990.0	17.5	18.6	19.1	19.6	20.2	20.8	21.5	22.0	22.7
1000.0	17.5	18.6	19.1	19.7	20.2	20.8	21.5	22.0	22.8
1010.0	17.5	18.6	19.1	19.7	20.3	20.9	21.5	22.1	22.8
1020.0	17.5	18.6	19.1	19.7	20.3	20.9	21.6	22.1	22.8
1030.0	17.5	18.6	19.1	19.7	20.3	20.9	21.6	22.1	22.9
1040.0	17.5	18.6	19.1	19.7	20.3	20.9	21.6	22.2	22.9
1050.0	17.5	18.7	19.2	19.7	20.4	21.0	21.7	22.2	22.9
1060.0	17.5	18.7	19.2	19.8	20.4	21.0	21.7	22.2	23.0
1070.0	17.5	18.7	19.2	19.8	20.4	21.0	21.7	22.2	23.0
1080.0	17.5	18.7	19.2	19.8	20.4	21.0	21.7	22.2	23.0
1090.0	17.6	18.7	19.2	19.8	20.4	21.0	21.7	22.3	23.0
1100.0	17.6	18.7	19.2	19.8	20.5	21.1	21.8	22.3	23.1
1110.0	17.6	18.7	19.2	19.9	20.5	21.1	21.8	22.3	23.1
1120.0	17.6	18.7	19.3	19.9	20.5	21.1	21.8	22.4	23.1
1130.0	17.5	18.7	19.3	19.9	20.5	21.1	21.8	22.4	23.1
1140.0	17.6	18.8	19.3	19.9	20.5	21.1	21.8	22.4	23.2
1150.0	17.5	18.8	19.3	19.9	20.5	21.2	21.8	22.4	23.2
1160.0	17.5	18.8	19.3	19.9	20.5	21.2	21.9	22.4	23.2
1170.0	17.5	18.8	19.3	19.9	20.6	21.2	21.9	22.5	23.2
1180.0	17.5	18.8	19.3	19.9	20.6	21.2	21.9	22.5	23.2
1190.0	17.6	18.8	19.3	20.0	20.6	21.2	21.9	22.5	23.3
1200.0	17.6	18.8	19.3	20.0	20.6	21.2	22.0	22.5	23.3
1210.0	17.6	18.8	19.3	20.0	20.6	21.2	21.9	22.5	23.3
1220.0	17.5	18.8	19.3	20.0	20.6	21.3	22.0	22.5	23.3
1230.0	17.5	18.8	19.3	20.0	20.6	21.3	22.0	22.6	23.3
1240.0	17.6	18.9	19.4	20.0	20.6	21.3	22.0	22.6	23.4
1250.0	17.6	18.9	19.4	20.0	20.7	21.3	22.0	22.6	23.4
1260.0	17.5	18.9	19.4	20.0	20.7	21.3	22.0	22.6	23.4
1270.0	17.6	18.9	19.4	20.0	20.7	21.3	22.0	22.6	23.4
1280.0	17.6	18.9	19.4	20.0	20.7	21.3	22.0	22.6	23.4
1290.0	17.6	18.9	19.4	20.0	20.7	21.3	22.1	22.6	23.4
1300.0	17.5	18.9	19.4	20.1	20.7	21.4	22.1	22.7	23.4
1310.0	17.6	18.9	19.4	20.1	20.7	21.4	22.1	22.7	23.4
1320.0	17.6	18.9	19.4	20.1	20.7	21.4	22.1	22.7	23.5
1330.0	17.6	18.9	19.4	20.1	20.7	21.4	22.1	22.7	23.5
1340.0	17.6	18.9	19.5	20.1	20.7	21.4	22.1	22.7	23.5
1350.0	17.6	18.9	19.4	20.1	20.7	21.4	22.1	22.7	23.5
1360.0	17.7	18.9	19.5	20.1	20.7	21.4	22.1	22.7	23.5
1370.0	17.6	18.9	19.5	20.1	20.8	21.4	22.1	22.7	23.5
1380.0	17.6	18.9	19.5	20.1	20.8	21.4	22.1	22.8	23.5
1390.0	17.6	18.9	19.5	20.1	20.8	21.4	22.1	22.8	23.5
1400.0	17.6	18.9	19.5	20.1	20.8	21.4	22.2	22.8	23.6
1410.0	17.6	18.9	19.5	20.1	20.8	21.5	22.2	22.8	23.6
1420.0	17.6	19.0	19.5	20.1	20.8	21.5	22.2	22.8	23.6
1430.0	17.6	18.9	19.5	20.1	20.8	21.5	22.2	22.8	23.6
1440.0	17.7	19.0	19.5	20.1	20.8	21.5	22.2	22.8	23.6
1450.0	17.6	19.0	19.5	20.1	20.8	21.5	22.2	22.8	23.6
1460.0	17.6	19.0	19.5	20.1	20.8	21.5	22.2	22.8	23.6
1470.0	17.6	19.0	19.5	20.2	20.8	21.5	22.2	22.8	23.6
1480.0	17.6	19.0	19.5	20.1	20.8	21.5	22.2	22.8	23.6
1490.0	17.6	19.0	19.5	20.2	20.8	21.5	22.2	22.8	23.6
1500.0	17.6	19.0	19.5	20.2	20.8	21.5	22.2	22.9	23.6
1510.0	17.6	19.0	19.5	20.2	20.8	21.5	22.2	22.9	23.6
1520.0	17.6	19.0	19.5	20.2	20.9	21.5	22.3	22.9	23.7
1530.0	17.6	19.0	19.5	20.2	20.8	21.5	22.2	22.9	23.7
1540.0	17.6	19.0	19.5	20.2	20.9	21.5	22.3	22.9	23.7
1550.0	17.6	19.0	19.5	20.2	20.9	21.5	22.3	22.9	23.7
1560.0	17.7	19.0	19.5	20.2	20.9	21.5	22.3	22.9	23.7
1570.0	17.6	19.0	19.6	20.2	20.9	21.6	22.3	22.9	23.7
1580.0	17.6	19.0	19.6	20.2	20.9	21.6	22.3	22.9	23.7
1590.0	17.7	19.0	19.6	20.2	20.9	21.6	22.3	22.9	23.7
1600.0	17.6	19.0	19.6	20.2	20.9	21.6	22.3	22.9	23.7
1610.0	17.6	19.0	19.6	20.2	20.9	21.6	22.3	22.9	23.7
1620.0	17.6	19.0	19.6	20.2	20.9	21.6	22.3	22.9	23.7
1630.0	17.6	19.0	19.6	20.2	20.9	21.6	22.3	22.9	23.7
1640.0	17.7	19.0	19.6	20.2	20.9	21.6	22.3	22.9	23.7
1650.0	17.7	19.0	19.6	20.2	20.9	21.6	22.3	23.0	23.7
1660.0	17.7	19.0	19.6	20.2	20.9	21.6	22.3	22.9	23.7
1670.0	17.6	19.1	19.6	20.2	20.9	21.6	22.3	23.0	23.8
1680.0	17.6	19.0	19.6	20.3	20.9	21.6	22.3	23.0	23.8
1690.0	17.6	19.0	19.6	20.3	20.9	21.6	22.3	23.0	23.8
1700.0	17.6	19.1	19.6	20.3	20.9	21.6	22.3	23.0	23.8
1710.0	17.6	19.1	19.6	20.3	20.9	21.6	22.4	23.0	23.8
1720.0	17.7	19.1	19.6	20.3	20.9	21.6	22.3	23.0	23.8
1730.0	17.7	19.1	19.6	20.3	20.9	21.6	22.4	23.0	23.8
1740.0	17.7	19.1	19.6	20.3	20.9	21.6	22.4	23.0	23.8
1750.0	17.7	19.1	19.6	20.3	20.9	21.6	22.4	23.0	23.8
1760.0	17.7	19.1	19.6	20.3	21.0	21.6	22.4	23.0	23.8
1770.0	17.7	19.1	19.6	20.3	21.0	21.6	22.4	23.0	23.8
1780.0	17.7	19.1	19.6	20.3	21.0	21.6	22.4	23.0	23.8
1790.0	17.7	19.1	19.6	20.3	21.0	21.6	22.4	23.0	23.8
1800.0	17.7	19.1	19.6	20.3	21.0	21.7	22.4	23.0	23.8
1810.0	17.7	19.1	19.6	20.3	21.0	21.7	22.4	23.0	23.8
1820.0	17.7	19.1	19.6	20.3	21.0	21.7	22.4	23.0	23.8
1830.0	17.7	19.1	19.6	20.3	21.0	21.7	22.4	23.0	23.8
1840.0	17.7	19.1	19.7	20.3	21.0	21.7	22.4	23.1	23.9
1850.0	17.7	19.1	19.7	20.3	21.0	21.7	22.4	23.1	23.8
1860.0	17.8	19.1	19.7	20.3	21.0	21.7	22.4	23.1	23.9
1870.0	17.7	19.1	19.7	20.3	21.0	21.7	22.4	23.1	23.9
1880.0	17.7	19.1	19.7	20.3	21.0	21.7	22.4	23.1	23.9
1890.0	17.8	19.1	19.7	20.3	21.0	21.7	22.4	23.1	23.9
1900.0	17.7	19.1	19.7	20.3	21.0	21.7	22.4	23.1	23.9
1910.0	17.7	19.1	19.7	20.3	21.0	21.7	22.4	23.1	23.9
1920.0	17.7	19.1	19.7	20.3	21.0	21.7	22.4	23.1	23.9
1930.0	17.7	19.1	19.7	20.3	21.0	21.7	22.4	23.1	23.9
1940.0	17.7	19.1	19.7	20.3	21.0	21.7	22.4	23.1	23.9
1950.0	17.7	19.1	19.7	20.3	21.0	21.7	22.4	23.1	23.9
1960.0	17.7	19.1	19.7	20.3	21.0	21.7	22.5	23.1	23.9
1970.0	17.7	19.1	19.7	20.3	21.0	21.7	22.4	23.1	23.9
1980.0	17.7	19.1	19.7	20.4	21.0	21.7	22.5	23.1	23.9
1990.0	17.7	19.1	19.7	20.4	21.0	21.7	22.5	23.1	23.9
2000.0	17.7	19.1	19.7	20.4	21.0	21.7	22.5	23.1	23.9
2010.0	17.7	19.1	19.7	20.4	21.0	21.7	22.5	23.1	23.9
2020.0	17.7	19.1	19.7	20.4	21.0	21.7	22.5	23.1	23.9
2030.0	17.7	19.1	19.7	20.4	21.0	21.7	22.5	23.1	23.9
2040.0	17.7	19.2	19.7	20.4	21.0	21.7	22.5	23.1	23.9
2050.0	17.7	19.1	19.7	20.4	21.0	21.7	22.5	23.1	23.9
2060.0	17.7	19.2	19.7	20.3	21.0	21.7	22.5	23.1	23.9
2070.0	17.7	19.2	19.7	20.4	21.1	21.7	22.5	23.1	23.9
2080.0	17.7	19.2	19.7	20.4	21.0	21.8	22.5	23.1	23.9
2090.0	17.6	19.1	19.7	20.4	21.0	21.8	22.5	23.1	23.9
2100.0	17.7	19.1	19.7	20.4	21.0	21.7	22.5	23.1	23.9
2110.0	17.8	19.1	19.7	20.4	21.0	21.7	22.5	23.1	23.9
2120.0	17.7	19.2	19.7	20.4	21.1	21.8	22.5	23.1	23.9
2130.0	17.7	19.1	19.7	20.4	21.0	21.8	22.5	23.1	23.9
2140.0	17.8	19.1	19.7	20.4	21.0	21.7	22.5	23.1	23.9
2150.0	17.8	19.2	19.7	20.4	21.1	21.8	22.5	23.1	24.0
2160.0	17.8	19.2	19.7	20.4	21.1	21.8	22.5	23.2	24.0
2170.0	17.8	19.2	19.7	20.4	21.1	21.8	22.5	23.2	24.0
2180.0	17.7	19.2	19.7	20.4	21.0	21.8	22.5	23.1	24.0
2190.0	17.7	19.2	19.7	20.4	21.1	21.8	22.5	23.2	24.0
2200.0	17.7	19.2	19.7	20.4	21.1	21.8	22.5	23.2	24.0
2210.0	17.7	19.2	19.7	20.4	21.1	21.8	22.5	23.2	24.0
2220.0	17.6	19.2	19.7	20.4	21.1	21.8	22.5	23.2	24.0
2230.0	17.7	19.1	19.7	20.4	21.0	21.8	22.5	23.2	24.0
2240.0	17.7	19.1	19.7	20.4	21.0	21.8	22.5	23.2	24.0
2250.0	17.7	19.2	19.7	20.4	21.0	21.8	22.5	23.2	24.0
2260.0	17.7	19.2	19.7	20.4	21.0	21.8	22.5	23.2	24.0
2270.0	17.7	19.1	19.7	20.4	21.0	21.8	22.5	23.2	24.0
2280.0	17.6	19.1	19.7	20.4	21.1	21.8	22.5	23.2	24.0
2290.0	17.7	19.1	19.7	20.4	21.1	21.8	22.5	23.2	24.0
2300.0	17.7	19.1	19.7	20.4	21.1	21.8	22.5	23.2	24.0
2310.0	17.7	19.2	19.7	20.4	21.1	21.8	22.5	23.2	24.0
2320.0	17.7	19.1	19.7	20.4	21.0	21.8	22.5	23.2	24.0
2330.0	17.7	19.1	19.7	20.4	21.0	21.8	22.5	23.2	24.0
2340.0	17.6	19.2	19.7	20.4	21.1	21.8	22.5	23.2	24.0
2350.0	17.6	19.1	19.7	20.4	21.0	21.8	22.5	23.2	24.0
2360.0	17.7	19.2	19.7	20.4	21.1	21.8	22.5	23.2	24.0
2370.0	17.7	19.2	19.7	20.4	21.1	21.8	22.5	23.2	24.0
2380.0	17.7	19.1	19.7	20.4	21.1	21.8	22.5	23.2	24.0
2390.0	17.6	19.1	19.7	20.4	21.0	21.8	22.5	23.2	24.0
2400.0	17.7	19.1	19.7	20.4	21.1	21.8	22.5	23.2	24.0
2410.0	17.7	19.1	19.7	20.4	21.1	21.8	22.5	23.2	24.0
2420.0	17.7	19.1	19.7	20.4	21.0	21.8	22.5	23.2	24.0
2430.0	17.7	19.1	19.7	20.4	21.1	21.8	22.5	23.2	24.0
2440.0	17.7	19.1	19.7	20.4	21.0	21.8	22.5	23.2	24.0
2450.0	17.6	19.1	19.7	20.4	21.0	21.8	22.5	23.2	24.0
2460.0	17.7	19.1	19.7	20.4	21.1	21.8	22.5	23.2	24.0
2470.0	17.7	19.1	19.7	20.4	21.0	21.8	22.5	23.2	24.0
2480.0	17.7	19.1	19.7	20.4	21.0	21.8	22.5	23.2	24.0
2490.0	17.7	19.1	19.7	20.4	21.0	21.8	22.5	23.2	24.0
2500.0	17.6	19.1	19.7	20.4	21.0	21.7	22.5	23.2	24.0
2510.0	17.6	19.1	19.7	20.4	21.0	21.8	22.5	23.2	24.0
2520.0	17.6	19.1	19.7	20.4	21.0	21.8	22.5	23.2	24.0
2530.0	17.6	19.1	19.7	20.4	21.0	21.8	22.5	23.2	24.0
2540.0	17.6	19.1	19.7	20.4	21.0	21.8	22.5	23.2	24.0
2550.0	17.6	19.1	19.7	20.3	21.0	21.8	22.5	23.2	24.0
2560.0	17.6	19.1	19.7	20.3	21.0	21.8	22.5	23.2	24.0
2570.0	17.6	19.1	19.7	20.3	21.0	21.7	22.5	23.2	24.0
2580.0	17.6	19.1	19.7	20.3	21.0	21.8	22.5	23.2	24.0
2590.0	17.6	19.1	19.7	20.3	21.0	21.8	22.5	23.2	24.0
2600.0	17.6	19.1	19.7	20.3	21.0	21.8	22.5	23.2	24.0
2610.0	17.6	19.1	19.7	20.4	21.0	21.8	22.5	23.2	24.0
2620.0	17.7	19.1	19.7	20.4	21.0	21.8	22.5	23.2	24.0
2630.0	17.7	19.1	19.7	20.3	21.0	21.7	22.5	23.2	24.0
2640.0	17.6	19.1	19.7	20.3	21.0	21.7	22.5	23.1	24.0
2650.0	17.6	19.1	19.7	20.3	21.0	21.7	22.5	23.2	24.0
2660.0	17.6	19.1	19.7	20.3	21.0	21.7	22.5	23.2	24.0
2670.0	17.6	19.1	19.7	20.3	21.0	21.7	22.5	23.2	24.0
2680.0	17.6	19.1	19.7	20.3	21.0	21.7	22.5	23.1	24.0
2690.0	17.6	19.1	19.7	20.3	21.0	21.7	22.5	23.2	24.0
2700.0	17.6	19.1	19.7	20.3	21.0	21.7	22.5	23.2	24.0
2710.0	17.6	19.1	19.7	20.3	21.0	21.7	22.5	23.2	24.0
2720.0	17.7	19.1	19.7	20.3	21.0	21.7	22.5	23.2	24.0
2730.0	17.7	19.1	19.7	20.3	21.0	21.7	22.5	23.2	23.9
2740.0	17.7	19.1	19.7	20.3	21.0	21.7	22.5	23.2	24.0
2750.0	17.7	19.1	19.7	20.3	21.0	21.7	22.5	23.2	24.0
2760.0	17.7	19.1	19.7	20.3	21.0	21.7	22.5	23.2	24.0
2770.0	17.7	19.1	19.7	20.3	21.0	21.7	22.5	23.2	24.0
2780.0	17.6	19.1	19.7	20.3	21.0	21.7	22.5	23.2	24.0
2790.0	17.6	19.1	19.7	20.3	21.0	21.7	22.5	23.1	24.0
2800.0	17.6	19.1	19.7	20.3	21.0	21.7	22.5	23.2	24.0
2810.0	17.6	19.1	19.7	20.3	21.0	21.7	22.5	23.2	24.0
2820.0	17.6	19.1	19.7	20.3	21.0	21.7	22.5	23.1	23.9
2830.0	17.6	19.1	19.7	20.3	21.0	21.7	22.5	23.1	23.9
2840.0	17.6	19.1	19.7	20.3	21.0	21.7	22.5	23.1	23.9
2850.0	17.7	19.1	19.7	20.3	21.0	21.7	22.5	23.1	24.0
2860.0	17.6	19.1	19.6	20.3	21.0	21.7	22.5	23.1	24.0
2870.0	17.6	19.1	19.7	20.3	21.0	21.7	22.5	23.2	24.0
2880.0	17.6	19.1	19.7	20.3	21.0	21.7	22.5	23.1	24.0
2890.0	17.6	19.1	19.7	20.3	21.0	21.7	22.5	23.1	24.0
2900.0	17.6	19.1	19.7	20.3	21.0	21.7	22.5	23.1	24.0
2910.0	17.6	19.1	19.6	20.3	21.0	21.7	22.5	23.2	24.0
2920.0	17.5	19.1	19.6	20.3	21.0	21.7	22.5	23.1	23.9
2930.0	17.6	19.1	19.6	20.3	21.0	21.7	22.5	23.1	24.0
2940.0	17.7	19.1	19.6	20.3	21.0	21.7	22.5	23.1	23.9
2950.0	17.6	19.1	19.6	20.3	21.0	21.7	22.5	23.1	23.9
2960.0	17.6	19.1	19.6	20.3	21.0	21.7	22.5	23.1	24.0
2970.0	17.6	19.1	19.6	20.3	21.0	21.7	22.5	23.1	24.0
2980.0	17.6	19.1	19.6	20.3	21.0	21.7	22.5	23.1	24.0
2990.0	17.7	19.1	19.6	20.3	21.0	21.7	22.5	23.1	23.9
3000.0	17.7	19.1	19.6	20.3	21.0	21.7	22.5	23.1	23.9
3010.0	17.6	19.1	19.6	20.3	21.0	21.7	22.5	23.1	23.9
3020.0	17.6	19.1	19.6	20.3	21.0	21.7	22.5	23.1	23.9
3030.0	17.6	19.1	19.7	20.3	21.0	21.7	22.5	23.1	24.0
3040.0	17.6	19.1	19.6	20.3	21.0	21.7	22.4	23.1	23.9
3050.0	17.6	19.1	19.6	20.3	21.0	21.7	22.4	23.1	23.9
3060.0	17.6	19.1	19.6	20.3	21.0	21.7	22.4	23.1	23.9
3070.0	17.7	19.1	19.6	20.3	21.0	21.7	22.4	23.1	23.9
3080.0	17.6	19.1	19.6	20.3	21.0	21.7	22.5	23.1	23.9
3090.0	17.7	19.1	19.6	20.3	21.0	21.7	22.4	23.1	23.9
3100.0	17.7	19.1	19.6	20.3	21.0	21.7	22.4	23.1	23.9
3110.0	17.6	19.1	19.6	20.3	21.0	21.7	22.4	23.1	23.9
3120.0	17.6	19.1	19.6	20.3	21.0	21.7	22.5	23.1	23.9
3130.0	17.6	19.1	19.6	20.3	21.0	21.7	22.5	23.1	23.9
3140.0	17.6	19.1	19.6	20.3	21.0	21.7	22.4	23.1	23.9
3150.0	17.6	19.1	19.6	20.3	21.0	21.7	22.4	23.1	23.9
3160.0	17.6	19.1	19.6	20.3	21.0	21.7	22.5	23.1	23.9
3170.0	17.6	19.1	19.6	20.3	21.0	21.7	22.5	23.1	23.9
3180.0	17.5	19.1	19.6	20.3	21.0	21.7	22.5	23.1	23.9
3190.0	17.5	19.1	19.6	20.3	21.0	21.7	22.4	23.1	23.9
3200.0	17.6	19.1	19.6	20.3	21.0	21.7	22.5	23.1	23.9
3210.0	17.5	19.1	19.7	20.3	21.0	21.7	22.4	23.1	23.9
3220.0	17.6	19.1	19.6	20.3	21.0	21.7	22.4	23.1	23.9
3230.0	17.6	19.1	19.6	20.3	21.0	21.7	22.4	23.1	23.9
3240.0	17.7	19.1	19.6	20.3	21.0	21.7	22.5	23.1	23.9
3250.0	17.7	19.1	19.6	20.3	21.0	21.7	22.4	23.1	23.9
3260.0	17.7	19.1	19.6	20.3	21.0	21.7	22.4	23.1	23.9
3270.0	17.6	19.1	19.6	20.3	21.0	21.7	22.4	23.1	23.9
3280.0	17.6	19.1	19.7	20.3	21.0	21.7	22.4	23.1	23.9
3290.0	17.6	19.1	19.6	20.3	21.0	21.7	22.4	23.1	23.9
3300.0	17.6	19.1	19.6	20.3	21.0	21.7	22.4	23.1	23.9
3310.0	17.6	19.1	19.7	20.3	21.0	21.7	22.5	23.1	23.9
3320.0	17.6	19.1	19.6	20.3	21.0	21.7	22.5	23.1	23.9
3330.0	17.6	19.1	19.6	20.3	21.0	21.7	22.5	23.1	23.9
3340.0	17.6	19.1	19.6	20.3	21.0	21.7	22.5	23.1	23.9
3350.0	17.6	19.1	19.6	20.3	21.0	21.7	22.4	23.1	23.9
3360.0	17.6	19.1	19.6	20.3	21.0	21.7	22.5	23.1	23.9
3370.0	17.6	19.1	19.6	20.3	21.0	21.7	22.4	23.1	23.9
3380.0	17.6	19.1	19.6	20.3	21.0	21.7	22.5	23.1	23.9
3390.0	17.6	19.1	19.6	20.3	21.0	21.7	22.4	23.1	23.9
3400.0	17.6	19.1	19.6	20.3	21.0	21.7	22.4	23.1	23.9
3410.0	17.6	19.1	19.7	20.3	21.0	21.7	22.5	23.1	24.0
3420.0	17.6	19.1	19.6	20.3	21.0	21.7	22.4	23.1	23.9
3430.0	17.6	19.1	19.6	20.3	21.0	21.7	22.4	23.1	23.9
3440.0	17.6	19.1	19.6	20.3	21.0	21.7	22.5	23.1	23.9
3450.0	17.6	19.1	19.7	20.3	21.0	21.7	22.4	23.1	24.0
3460.0	17.6	19.1	19.7	20.3	21.0	21.7	22.5	23.1	24.0
3470.0	17.6	19.1	19.6	20.3	21.0	21.7	22.5	23.1	23.9
3480.0	17.6	19.1	19.6	20.3	21.0	21.7	22.5	23.1	23.9
3490.0	17.7	19.1	19.6	20.3	21.0	21.7	22.5	23.1	24.0
3500.0	17.6	19.1	19.6	20.3	21.0	21.7	22.5	23.1	23.9
3510.0	17.6	19.1	19.6	20.3	21.0	21.7	22.4	23.1	23.9
3520.0	17.7	19.1	19.6	20.3	21.0	21.7	22.5	23.1	23.9
3530.0	17.6	19.1	19.7	20.3	21.0	21.7	22.5	23.1	24.0
3540.0	17.6	19.1	19.6	20.3	21.0	21.7	22.5	23.1	23.9
3550.0	17.6	19.1	19.6	20.3	21.0	21.7	22.5	23.1	24.0
3560.0	17.6	19.1	19.6	20.3	21.0	21.7	22.5	23.1	23.9
3570.0	17.7	19.1	19.6	20.3	21.0	21.7	22.5	23.1	23.9
3580.0	17.7	19.1	19.7	20.3	21.0	21.7	22.5	23.1	24.0
3590.0	17.6	19.1	19.7	20.3	21.0	21.7	22.5	23.1	24.0
3600.0	17.6	19.1	19.7	20.3	21.0	21.7	22.5	23.1	23.9
3610.0	17.6	19.1	19.6	20.3	21.0	21.7	22.5	23.1	23.9
3620.0	17.6	19.1	19.7	20.3	21.0	21.7	22.5	23.1	24.0
3630.0	17.6	19.1	19.6	20.3	21.0	21.7	22.5	23.1	23.9
3640.0	17.6	19.1	19.6	20.3	21.0	21.7	22.5	23.1	23.9
3650.0	17.7	19.1	19.7	20.3	21.0	21.7	22.5	23.1	24.0
3660.0	17.6	19.1	19.7	20.3	21.0	21.7	22.5	23.1	24.0
3670.0	17.6	19.1	19.7	20.3	21.0	21.7	22.5	23.1	24.0
3680.0	17.6	19.1	19.7	20.3	21.0	21.7	22.5	23.1	24.0
3690.0	17.6	19.1	19.7	20.3	21.0	21.7	22.5	23.1	24.0
3700.0	17.6	19.1	19.7	20.3	21.0	21.7	22.5	23.1	24.0
3710.0	17.6	19.1	19.7	20.3	21.0	21.7	22.5	23.1	23.9
3720.0	17.6	19.1	19.6	20.3	21.0	21.7	22.4	23.1	23.9
3730.0	17.7	19.1	19.7	20.3	21.0	21.7	22.5	23.1	24.0
3740.0	17.6	19.1	19.7	20.3	21.0	21.7	22.5	23.1	24.0
3750.0	17.7	19.1	19.7	20.3	21.0	21.7	22.5	23.1	24.0
3760.0	17.7	19.1	19.7	20.3	21.0	21.7	22.5	23.2	24.0
3770.0	17.7	19.1	19.7	20.3	21.0	21.7	22.5	23.1	24.0
3780.0	17.6	19.1	19.7	20.3	21.0	21.7	22.5	23.1	24.0
3790.0	17.6	19.1	19.7	20.3	21.0	21.7	22.5	23.1	24.0
3800.0	17.6	19.1	19.7	20.3	21.0	21.7	22.5	23.2	24.0
3810.0	17.7	19.1	19.7	20.3	21.0	21.7	22.5	23.1	24.0
3820.0	17.7	19.1	19.7	20.3	21.0	21.7	22.5	23.2	24.0
3830.0	17.6	19.1	19.7	20.3	21.0	21.7	22.5	23.2	24.0
3840.0
3850.0
3860.0	17.1	18.7	19.3	20.0	20.7	21.4	22.2	22.9	23.7
3870.0	17.1	18.7	19.3	20.0	20.7	21.5	22.2	22.9	23.8
