%Time (sec)	TC 0 - Near Chiller	TC 1	TC 2	TC 3	TC 4	TC 5	TC 6	TC 7 	TC 8 - Near Heater						6/4/2020	1:08 PM
0.0	15.6	15.5	15.5	15.6	15.6	15.7	15.7	15.8	15.9
10.0	15.6	15.5	15.5	15.6	15.6	15.7	15.7	15.8	15.9
20.0	15.6	15.5	15.5	15.6	15.6	15.7	15.7	15.8	15.9
30.0	15.6	15.5	15.5	15.6	15.6	15.7	15.7	15.8	15.9
40.0	15.7	15.5	15.5	15.6	15.6	15.7	15.7	15.8	15.9
50.0	15.7	15.5	15.5	15.6	15.6	15.7	15.7	15.8	15.9
60.0	15.7	15.5	15.5	15.6	15.6	15.7	15.7	15.8	15.9
70.0	15.7	15.5	15.5	15.6	15.6	15.7	15.7	15.8	15.9
80.0	15.7	15.5	15.5	15.6	15.6	15.7	15.7	15.8	15.9
90.0	15.7	15.5	15.5	15.6	15.6	15.7	15.7	15.8	15.9
100.0	15.7	15.5	15.5	15.6	15.6	15.7	15.7	15.8	15.9
110.0	15.7	15.5	15.5	15.6	15.6	15.7	15.7	15.8	15.9
120.0	15.7	15.5	15.5	15.6	15.6	15.7	15.7	15.8	15.9
130.0	15.7	15.5	15.5	15.6	15.6	15.7	15.7	15.8	15.9
140.0	15.6	15.5	15.4	15.6	15.6	15.7	15.7	15.8	15.9
150.0	15.6	15.5	15.4	15.6	15.6	15.7	15.8	15.9	16.0
160.0	15.6	15.5	15.5	15.6	15.7	15.7	15.8	16.0	16.1
170.0	15.6	15.5	15.5	15.6	15.7	15.8	15.9	16.1	16.3
180.0	15.6	15.5	15.5	15.6	15.7	15.8	16.0	16.2	16.5
190.0	15.6	15.5	15.5	15.7	15.8	15.9	16.1	16.4	16.7
200.0	15.7	15.5	15.5	15.7	15.8	16.0	16.2	16.6	16.9
210.0	15.7	15.5	15.5	15.7	15.9	16.1	16.3	16.7	17.1
220.0	15.7	15.5	15.6	15.8	16.0	16.2	16.5	16.9	17.3
230.0	15.7	15.6	15.7	15.9	16.1	16.3	16.6	17.1	17.5
240.0	15.7	15.6	15.7	15.9	16.1	16.5	16.8	17.3	17.7
250.0	15.7	15.7	15.8	16.0	16.2	16.6	17.0	17.5	17.9
260.0	15.7	15.7	15.8	16.1	16.4	16.7	17.1	17.7	18.1
270.0	15.7	15.8	15.9	16.2	16.5	16.9	17.3	17.9	18.4
280.0	15.7	15.8	16.0	16.3	16.6	17.0	17.5	18.1	18.6
290.0	15.7	15.9	16.1	16.4	16.7	17.2	17.6	18.2	18.8
300.0	15.7	15.9	16.2	16.5	16.8	17.3	17.8	18.4	19.0
310.0	15.7	16.0	16.2	16.6	17.0	17.5	18.0	18.6	19.2
320.0	15.7	16.1	16.3	16.7	17.1	17.6	18.1	18.8	19.4
330.0	15.7	16.1	16.4	16.8	17.2	17.8	18.3	19.0	19.6
340.0	15.7	16.2	16.5	16.9	17.3	17.9	18.5	19.2	19.8
350.0	15.7	16.2	16.6	17.0	17.5	18.1	18.7	19.4	20.0
360.0	15.7	16.3	16.7	17.1	17.6	18.2	18.8	19.5	20.2
370.0	15.7	16.3	16.7	17.2	17.7	18.3	19.0	19.7	20.4
380.0	15.7	16.4	16.8	17.3	17.8	18.5	19.1	19.9	20.6
390.0	15.7	16.4	16.9	17.4	17.9	18.6	19.3	20.1	20.8
400.0	15.7	16.5	17.0	17.5	18.1	18.7	19.4	20.2	20.9
410.0	15.7	16.6	17.0	17.6	18.2	18.9	19.6	20.4	21.1
420.0	15.7	16.6	17.1	17.7	18.3	19.0	19.7	20.6	21.3
430.0	15.7	16.7	17.2	17.8	18.4	19.2	19.9	20.7	21.5
440.0	15.7	16.7	17.3	17.9	18.5	19.3	20.0	20.9	21.6
450.0	15.7	16.8	17.3	18.0	18.6	19.4	20.2	21.0	21.8
460.0	15.7	16.8	17.4	18.1	18.7	19.5	20.3	21.2	21.9
470.0	15.7	16.9	17.5	18.1	18.8	19.6	20.4	21.3	22.1
480.0	15.7	17.0	17.6	18.2	18.9	19.7	20.6	21.5	22.3
490.0	15.8	17.0	17.6	18.3	19.0	19.9	20.7	21.6	22.4
500.0	15.8	17.0	17.7	18.4	19.1	20.0	20.8	21.7	22.5
510.0	15.8	17.1	17.8	18.5	19.2	20.1	20.9	21.9	22.7
520.0	15.8	17.2	17.8	18.6	19.3	20.2	21.1	22.0	22.8
530.0	15.8	17.2	17.9	18.7	19.4	20.3	21.2	22.1	23.0
540.0	15.8	17.3	18.0	18.7	19.5	20.4	21.3	22.2	23.1
550.0	15.8	17.3	18.0	18.8	19.6	20.5	21.4	22.4	23.2
560.0	15.8	17.4	18.1	18.9	19.7	20.6	21.5	22.5	23.4
570.0	15.8	17.4	18.2	19.0	19.8	20.7	21.6	22.6	23.5
580.0	15.8	17.5	18.2	19.1	19.9	20.8	21.7	22.7	23.6
590.0	15.9	17.5	18.3	19.1	19.9	20.9	21.9	22.9	23.8
600.0	15.9	17.6	18.4	19.2	20.0	21.0	22.0	23.0	23.9
610.0	15.9	17.6	18.4	19.3	20.1	21.1	22.1	23.1	24.0
620.0	15.9	17.7	18.5	19.3	20.2	21.2	22.2	23.2	24.1
630.0	15.9	17.7	18.6	19.4	20.3	21.3	22.3	23.3	24.2
640.0	15.9	17.8	18.6	19.5	20.4	21.4	22.4	23.4	24.3
650.0	15.9	17.8	18.7	19.6	20.4	21.5	22.5	23.5	24.5
660.0	15.9	17.9	18.7	19.6	20.5	21.6	22.6	23.6	24.6
670.0	15.9	17.9	18.8	19.7	20.6	21.7	22.7	23.7	24.7
680.0	15.9	17.9	18.8	19.8	20.7	21.8	22.8	23.8	24.8
690.0	15.9	18.0	18.9	19.8	20.7	21.8	22.8	23.9	24.9
700.0	15.9	18.0	18.9	19.9	20.8	21.9	22.9	24.0	25.0
710.0	15.9	18.0	19.0	20.0	20.9	22.0	23.0	24.1	25.1
720.0	15.9	18.1	19.0	20.0	21.0	22.1	23.1	24.2	25.2
730.0	15.8	18.1	19.1	20.1	21.0	22.1	23.2	24.3	25.3
740.0	15.9	18.2	19.1	20.1	21.1	22.2	23.3	24.4	25.4
750.0	15.9	18.2	19.1	20.2	21.1	22.3	23.4	24.5	25.5
760.0	15.9	18.2	19.2	20.2	21.2	22.4	23.4	24.6	25.6
770.0	15.9	18.2	19.2	20.3	21.3	22.4	23.5	24.6	25.7
780.0	15.9	18.3	19.3	20.3	21.3	22.5	23.6	24.7	25.8
790.0	15.9	18.3	19.3	20.4	21.4	22.6	23.7	24.8	25.8
800.0	15.9	18.3	19.4	20.4	21.4	22.6	23.7	24.9	25.9
810.0	15.9	18.4	19.4	20.5	21.5	22.7	23.8	25.0	26.0
820.0	15.9	18.4	19.4	20.5	21.5	22.7	23.9	25.0	26.1
830.0	15.9	18.4	19.5	20.6	21.6	22.8	23.9	25.1	26.2
840.0	15.9	18.5	19.5	20.6	21.7	22.9	24.0	25.2	26.3
850.0	15.9	18.5	19.5	20.7	21.7	22.9	24.1	25.3	26.3
860.0	15.9	18.5	19.6	20.7	21.8	23.0	24.1	25.3	26.4
870.0	16.0	18.6	19.6	20.7	21.8	23.1	24.2	25.4	26.5
880.0	16.0	18.6	19.7	20.8	21.9	23.1	24.3	25.5	26.6
890.0	16.0	18.6	19.7	20.8	21.9	23.2	24.3	25.5	26.7
900.0	16.0	18.7	19.7	20.9	22.0	23.2	24.4	25.6	26.7
910.0	16.0	18.7	19.8	20.9	22.0	23.3	24.5	25.7	26.8
920.0	16.0	18.7	19.8	21.0	22.1	23.3	24.5	25.7	26.9
930.0	16.0	18.7	19.8	21.0	22.1	23.4	24.6	25.8	26.9
940.0	16.0	18.8	19.9	21.1	22.2	23.5	24.6	25.9	27.0
950.0	16.0	18.8	19.9	21.1	22.2	23.5	24.7	25.9	27.1
960.0	16.0	18.8	20.0	21.1	22.3	23.6	24.7	26.0	27.1
970.0	16.1	18.9	20.0	21.2	22.3	23.6	24.8	26.0	27.2
980.0	16.1	18.9	20.0	21.2	22.4	23.7	24.9	26.1	27.2
990.0	16.1	18.9	20.1	21.2	22.4	23.7	24.9	26.1	27.3
1000.0	16.1	19.0	20.1	21.3	22.4	23.8	25.0	26.2	27.4
1010.0	16.2	19.0	20.1	21.3	22.5	23.8	25.0	26.3	27.4
1020.0	16.2	19.0	20.2	21.4	22.5	23.9	25.1	26.3	27.5
1030.0	16.2	19.1	20.2	21.4	22.6	23.9	25.1	26.4	27.6
1040.0	16.2	19.1	20.2	21.5	22.6	23.9	25.2	26.4	27.6
1050.0	16.2	19.1	20.3	21.5	22.7	24.0	25.2	26.5	27.7
1060.0	16.2	19.2	20.3	21.5	22.7	24.0	25.3	26.6	27.7
1070.0	16.2	19.2	20.4	21.6	22.8	24.1	25.3	26.6	27.8
1080.0	16.2	19.2	20.4	21.6	22.8	24.1	25.4	26.6	27.8
1090.0	16.2	19.2	20.4	21.6	22.8	24.2	25.4	26.7	27.9
1100.0	16.3	19.3	20.5	21.7	22.9	24.2	25.5	26.8	28.0
1110.0	16.3	19.3	20.5	21.7	22.9	24.3	25.5	26.8	28.0
1120.0	16.3	19.3	20.5	21.8	23.0	24.3	25.6	26.9	28.1
1130.0	16.3	19.4	20.5	21.8	23.0	24.4	25.6	26.9	28.1
1140.0	16.3	19.4	20.6	21.8	23.0	24.4	25.7	27.0	28.2
1150.0	16.3	19.4	20.6	21.9	23.1	24.4	25.7	27.0	28.2
1160.0	16.3	19.4	20.6	21.9	23.1	24.5	25.8	27.0	28.3
1170.0	16.3	19.4	20.7	21.9	23.1	24.5	25.8	27.1	28.3
1180.0	16.3	19.5	20.7	22.0	23.2	24.6	25.8	27.1	28.4
1190.0	16.3	19.5	20.7	22.0	23.2	24.6	25.9	27.2	28.4
1200.0	16.3	19.5	20.7	22.0	23.3	24.6	25.9	27.2	28.5
1210.0	16.3	19.5	20.7	22.0	23.3	24.7	26.0	27.3	28.5
1220.0	16.2	19.5	20.8	22.1	23.3	24.7	26.0	27.3	28.5
1230.0	16.3	19.5	20.8	22.1	23.3	24.7	26.0	27.3	28.6
1240.0	16.2	19.5	20.8	22.1	23.4	24.8	26.1	27.4	28.7
1250.0	16.2	19.5	20.8	22.1	23.4	24.8	26.1	27.4	28.7
1260.0	16.2	19.6	20.8	22.2	23.4	24.8	26.2	27.5	28.7
1270.0	16.2	19.6	20.8	22.2	23.4	24.9	26.2	27.5	28.8
1280.0	16.2	19.6	20.8	22.2	23.5	24.9	26.2	27.5	28.8
1290.0	16.2	19.6	20.9	22.2	23.5	24.9	26.2	27.6	28.8
1300.0	16.2	19.6	20.9	22.2	23.5	24.9	26.3	27.6	28.9
1310.0	16.2	19.6	20.9	22.2	23.5	25.0	26.3	27.6	28.9
1320.0	16.2	19.6	20.9	22.3	23.6	25.0	26.3	27.7	29.0
1330.0	16.2	19.6	20.9	22.3	23.6	25.0	26.4	27.7	29.0
1340.0	16.2	19.6	20.9	22.3	23.6	25.0	26.4	27.7	29.0
1350.0	16.2	19.6	20.9	22.3	23.6	25.1	26.4	27.8	29.1
1360.0	16.2	19.7	20.9	22.3	23.6	25.1	26.4	27.8	29.1
1370.0	16.2	19.7	21.0	22.4	23.7	25.1	26.5	27.8	29.1
1380.0	16.2	19.7	21.0	22.4	23.7	25.1	26.5	27.9	29.2
1390.0	16.2	19.7	21.0	22.4	23.7	25.2	26.5	27.9	29.2
1400.0	16.2	19.7	21.0	22.4	23.7	25.2	26.5	27.9	29.2
1410.0	16.2	19.7	21.0	22.4	23.7	25.2	26.6	27.9	29.3
1420.0	16.2	19.7	21.0	22.4	23.8	25.2	26.6	28.0	29.3
1430.0	16.2	19.7	21.1	22.5	23.8	25.2	26.6	28.0	29.3
1440.0	16.2	19.7	21.1	22.5	23.8	25.3	26.6	28.0	29.3
1450.0	16.2	19.8	21.1	22.5	23.8	25.3	26.7	28.0	29.4
1460.0	16.2	19.8	21.1	22.5	23.8	25.3	26.7	28.1	29.4
1470.0	16.2	19.8	21.1	22.5	23.8	25.3	26.7	28.1	29.4
1480.0	16.2	19.8	21.1	22.5	23.9	25.4	26.7	28.1	29.5
1490.0	16.2	19.8	21.1	22.5	23.9	25.4	26.7	28.1	29.5
1500.0	16.3	19.8	21.1	22.6	23.9	25.4	26.8	28.2	29.5
1510.0	16.3	19.8	21.2	22.6	23.9	25.4	26.8	28.2	29.5
1520.0	16.3	19.9	21.2	22.6	23.9	25.4	26.8	28.2	29.6
1530.0	16.3	19.9	21.2	22.6	24.0	25.5	26.8	28.2	29.6
1540.0	16.3	19.9	21.2	22.6	24.0	25.5	26.9	28.3	29.6
1550.0	16.3	19.9	21.2	22.7	24.0	25.5	26.9	28.3	29.6
1560.0	16.3	19.9	21.3	22.7	24.0	25.5	26.9	28.3	29.7
1570.0	16.3	19.9	21.3	22.7	24.0	25.5	26.9	28.3	29.7
1580.0	16.3	19.9	21.3	22.7	24.1	25.6	26.9	28.4	29.7
1590.0	16.4	20.0	21.3	22.7	24.1	25.6	27.0	28.4	29.7
1600.0	16.4	20.0	21.3	22.7	24.1	25.6	27.0	28.4	29.8
1610.0	16.4	20.0	21.3	22.8	24.1	25.6	27.0	28.4	29.8
1620.0	16.4	20.0	21.3	22.8	24.1	25.6	27.0	28.4	29.8
1630.0	16.4	20.0	21.4	22.8	24.2	25.7	27.1	28.5	29.8
1640.0	16.5	20.0	21.4	22.8	24.2	25.7	27.1	28.5	29.9
1650.0	16.4	20.0	21.4	22.8	24.2	25.7	27.1	28.5	29.9
1660.0	16.5	20.1	21.4	22.9	24.2	25.7	27.1	28.5	29.9
1670.0	16.5	20.1	21.4	22.9	24.2	25.8	27.1	28.6	29.9
1680.0	16.5	20.1	21.5	22.9	24.2	25.8	27.2	28.6	30.0
1690.0	16.5	20.1	21.5	22.9	24.3	25.8	27.2	28.6	30.0
1700.0	16.5	20.1	21.5	22.9	24.3	25.8	27.2	28.6	30.0
1710.0	16.5	20.1	21.5	22.9	24.3	25.8	27.2	28.6	30.0
1720.0	16.5	20.2	21.5	23.0	24.3	25.8	27.3	28.7	30.0
1730.0	16.5	20.2	21.5	23.0	24.3	25.9	27.3	28.7	30.1
1740.0	16.5	20.2	21.6	23.0	24.4	25.9	27.3	28.7	30.1
1750.0	16.5	20.2	21.6	23.0	24.4	25.9	27.3	28.7	30.1
1760.0	16.5	20.2	21.6	23.0	24.4	25.9	27.3	28.7	30.1
1770.0	16.5	20.2	21.6	23.0	24.4	25.9	27.3	28.8	30.1
1780.0	16.5	20.2	21.6	23.1	24.4	25.9	27.4	28.8	30.2
1790.0	16.5	20.2	21.6	23.1	24.4	26.0	27.4	28.8	30.2
1800.0	16.4	20.2	21.6	23.1	24.4	26.0	27.4	28.8	30.2
1810.0	16.4	20.2	21.6	23.1	24.4	26.0	27.4	28.8	30.2
1820.0	16.4	20.2	21.6	23.1	24.5	26.0	27.4	28.9	30.2
1830.0	16.4	20.2	21.6	23.1	24.5	26.0	27.4	28.9	30.3
1840.0	16.4	20.2	21.6	23.1	24.5	26.0	27.5	28.9	30.3
1850.0	16.4	20.2	21.6	23.1	24.5	26.0	27.5	28.9	30.3
1860.0	16.4	20.2	21.6	23.1	24.5	26.0	27.5	28.9	30.3
1870.0	16.4	20.2	21.6	23.1	24.5	26.1	27.5	28.9	30.3
1880.0	16.4	20.2	21.6	23.1	24.5	26.1	27.5	28.9	30.3
1890.0	16.4	20.2	21.6	23.1	24.5	26.1	27.5	29.0	30.4
1900.0	16.4	20.2	21.6	23.1	24.5	26.1	27.5	29.0	30.4
1910.0	16.4	20.2	21.6	23.1	24.5	26.1	27.5	29.0	30.4
1920.0	16.3	20.2	21.6	23.1	24.6	26.1	27.5	29.0	30.4
1930.0	16.3	20.2	21.6	23.1	24.6	26.1	27.6	29.0	30.4
1940.0	16.3	20.2	21.6	23.1	24.6	26.1	27.6	29.0	30.4
1950.0	16.3	20.2	21.6	23.1	24.6	26.1	27.6	29.0	30.4
1960.0	16.3	20.2	21.6	23.2	24.6	26.1	27.6	29.0	30.5
1970.0	16.3	20.2	21.6	23.1	24.6	26.1	27.6	29.0	30.5
1980.0	16.3	20.2	21.6	23.2	24.6	26.1	27.6	29.0	30.5
1990.0	16.3	20.2	21.6	23.2	24.6	26.2	27.6	29.1	30.5
2000.0	16.3	20.2	21.6	23.2	24.6	26.2	27.6	29.1	30.5
2010.0	16.3	20.2	21.6	23.2	24.6	26.2	27.6	29.1	30.5
2020.0	16.3	20.2	21.6	23.2	24.6	26.2	27.6	29.1	30.5
2030.0	16.3	20.2	21.7	23.2	24.6	26.2	27.6	29.1	30.5
2040.0	16.3	20.2	21.7	23.2	24.6	26.2	27.6	29.1	30.5
2050.0	16.3	20.2	21.7	23.2	24.6	26.2	27.7	29.1	30.6
2060.0	16.3	20.2	21.7	23.2	24.6	26.2	27.7	29.1	30.6
2070.0	16.3	20.2	21.7	23.2	24.6	26.2	27.7	29.1	30.6
2080.0	16.3	20.2	21.7	23.2	24.6	26.2	27.7	29.1	30.6
2090.0	16.3	20.3	21.7	23.2	24.6	26.2	27.7	29.2	30.6
2100.0	16.4	20.3	21.7	23.2	24.7	26.2	27.7	29.2	30.6
2110.0	16.4	20.3	21.7	23.2	24.7	26.2	27.7	29.2	30.6
2120.0	16.4	20.3	21.7	23.2	24.7	26.2	27.7	29.2	30.6
2130.0	16.4	20.3	21.7	23.2	24.7	26.2	27.7	29.2	30.6
2140.0	16.4	20.3	21.7	23.2	24.7	26.3	27.7	29.2	30.6
2150.0	16.4	20.3	21.7	23.2	24.7	26.3	27.7	29.2	30.7
2160.0	16.4	20.3	21.7	23.3	24.7	26.3	27.7	29.2	30.7
2170.0	16.4	20.3	21.7	23.3	24.7	26.3	27.8	29.2	30.7
2180.0	16.5	20.3	21.8	23.3	24.7	26.3	27.8	29.2	30.7
2190.0	16.5	20.3	21.8	23.3	24.7	26.3	27.8	29.2	30.7
2200.0	16.5	20.3	21.8	23.3	24.7	26.3	27.8	29.2	30.7
2210.0	16.5	20.3	21.8	23.3	24.7	26.3	27.8	29.3	30.7
2220.0	16.5	20.4	21.8	23.3	24.7	26.3	27.8	29.3	30.7
2230.0	16.5	20.4	21.8	23.3	24.8	26.3	27.8	29.3	30.7
2240.0	16.5	20.4	21.8	23.3	24.8	26.4	27.8	29.3	30.8
2250.0	16.5	20.4	21.8	23.3	24.8	26.4	27.8	29.3	30.8
2260.0	16.5	20.4	21.8	23.4	24.8	26.4	27.8	29.3	30.8
2270.0	16.5	20.4	21.8	23.4	24.8	26.4	27.8	29.3	30.8
2280.0	16.5	20.4	21.9	23.4	24.8	26.4	27.9	29.3	30.8
2290.0	16.5	20.4	21.9	23.4	24.8	26.4	27.9	29.3	30.8
2300.0	16.5	20.4	21.9	23.4	24.8	26.4	27.9	29.3	30.8
2310.0	16.5	20.4	21.9	23.4	24.8	26.4	27.9	29.4	30.8
2320.0	16.5	20.4	21.9	23.4	24.8	26.4	27.9	29.3	30.8
2330.0	16.5	20.4	21.9	23.4	24.8	26.4	27.9	29.4	30.8
2340.0	16.5	20.4	21.9	23.4	24.8	26.4	27.9	29.4	30.8
2350.0	16.5	20.4	21.9	23.4	24.9	26.4	27.9	29.4	30.8
2360.0	16.5	20.5	21.9	23.4	24.9	26.5	27.9	29.4	30.9
2370.0	16.4	20.5	21.9	23.4	24.9	26.5	27.9	29.4	30.9
2380.0	16.5	20.4	21.9	23.4	24.9	26.5	27.9	29.4	30.9
2390.0	16.4	20.4	21.9	23.4	24.9	26.5	27.9	29.4	30.9
2400.0	16.4	20.4	21.9	23.4	24.9	26.5	27.9	29.4	30.9
2410.0	16.4	20.4	21.9	23.4	24.9	26.5	27.9	29.4	30.9
2420.0	16.4	20.4	21.9	23.4	24.9	26.5	28.0	29.4	30.9
2430.0	16.4	20.4	21.9	23.4	24.9	26.5	28.0	29.4	30.9
2440.0	16.4	20.4	21.9	23.4	24.9	26.5	28.0	29.4	30.9
2450.0	16.4	20.4	21.9	23.4	24.9	26.5	28.0	29.5	30.9
2460.0	16.4	20.4	21.9	23.4	24.9	26.5	28.0	29.5	30.9
2470.0	16.4	20.4	21.9	23.4	24.9	26.5	28.0	29.5	30.9
2480.0	16.4	20.4	21.9	23.4	24.9	26.5	28.0	29.5	30.9
2490.0	16.4	20.4	21.9	23.4	24.9	26.5	28.0	29.5	30.9
2500.0	16.4	20.4	21.9	23.4	24.9	26.5	28.0	29.5	31.0
2510.0	16.3	20.4	21.9	23.4	24.9	26.5	28.0	29.5	31.0
2520.0	16.3	20.4	21.9	23.4	24.9	26.5	28.0	29.5	31.0
2530.0	16.3	20.4	21.9	23.5	24.9	26.5	28.0	29.5	31.0
2540.0	16.3	20.4	21.9	23.4	24.9	26.5	28.0	29.5	31.0
2550.0	16.3	20.4	21.9	23.4	24.9	26.5	28.0	29.5	31.0
2560.0	16.2	20.4	21.9	23.4	24.9	26.5	28.0	29.5	31.0
2570.0	16.2	20.4	21.8	23.4	24.9	26.5	28.0	29.5	31.0
2580.0	16.2	20.4	21.8	23.4	24.9	26.5	28.0	29.5	31.0
2590.0	16.2	20.3	21.8	23.4	24.9	26.5	28.0	29.5	31.0
2600.0	16.1	20.3	21.8	23.4	24.9	26.5	28.0	29.5	31.0
2610.0	16.1	20.3	21.8	23.4	24.9	26.5	28.0	29.5	31.0
2620.0	16.1	20.3	21.8	23.4	24.9	26.5	28.0	29.5	31.0
2630.0	16.1	20.3	21.8	23.4	24.9	26.5	28.0	29.5	31.0
2640.0	16.1	20.3	21.8	23.4	24.9	26.5	28.0	29.5	31.0
2650.0	16.1	20.3	21.8	23.4	24.9	26.5	28.0	29.5	31.0
2660.0	16.1	20.3	21.8	23.4	24.9	26.5	28.0	29.5	31.0
2670.0	16.1	20.3	21.8	23.4	24.9	26.5	28.0	29.5	31.0
2680.0	16.1	20.3	21.8	23.4	24.9	26.5	28.0	29.5	31.0
2690.0	16.1	20.3	21.8	23.4	24.8	26.5	28.0	29.5	31.0
2700.0	16.1	20.3	21.8	23.4	24.8	26.5	28.0	29.5	31.0
2710.0	16.1	20.3	21.7	23.3	24.8	26.5	28.0	29.5	31.0
2720.0	16.0	20.2	21.7	23.3	24.8	26.5	28.0	29.5	31.0
2730.0	16.0	20.2	21.7	23.3	24.8	26.5	28.0	29.5	31.0
2740.0	16.0	20.2	21.7	23.3	24.8	26.5	28.0	29.5	31.0
2750.0	16.0	20.2	21.7	23.3	24.8	26.4	28.0	29.5	31.0
2760.0	16.0	20.2	21.7	23.3	24.8	26.5	28.0	29.5	31.0
2770.0	16.0	20.2	21.7	23.3	24.8	26.4	28.0	29.5	31.0
2780.0	15.9	20.2	21.7	23.3	24.8	26.5	28.0	29.5	31.0
2790.0	15.9	20.2	21.7	23.3	24.8	26.4	28.0	29.5	31.0
2800.0	15.9	20.2	21.7	23.3	24.8	26.4	28.0	29.5	31.0
2810.0	15.9	20.2	21.7	23.3	24.8	26.4	28.0	29.5	31.0
2820.0	15.9	20.2	21.7	23.3	24.8	26.4	27.9	29.5	31.0
2830.0	15.9	20.1	21.6	23.3	24.8	26.4	27.9	29.5	31.0
2840.0	15.9	20.1	21.6	23.3	24.8	26.4	27.9	29.5	31.0
2850.0	15.9	20.1	21.6	23.3	24.8	26.4	27.9	29.5	31.0
2860.0	15.9	20.1	21.6	23.2	24.8	26.4	27.9	29.5	31.0
2870.0	15.8	20.1	21.6	23.2	24.7	26.4	27.9	29.5	31.0
2880.0	15.9	20.1	21.6	23.2	24.7	26.4	27.9	29.4	31.0
2890.0	15.9	20.1	21.6	23.2	24.7	26.4	27.9	29.4	31.0
2900.0	15.8	20.1	21.6	23.2	24.7	26.4	27.9	29.4	31.0
2910.0	15.9	20.1	21.6	23.2	24.7	26.4	27.9	29.4	31.0
2920.0	15.9	20.1	21.6	23.2	24.7	26.4	27.9	29.4	31.0
2930.0	15.9	20.1	21.6	23.2	24.7	26.4	27.9	29.4	31.0
2940.0	15.9	20.1	21.6	23.2	24.7	26.4	27.9	29.4	31.0
2950.0	15.9	20.1	21.6	23.2	24.7	26.4	27.9	29.4	31.0
2960.0	15.8	20.1	21.6	23.2	24.7	26.4	27.9	29.4	31.0
2970.0	15.8	20.1	21.6	23.2	24.7	26.3	27.9	29.4	30.9
2980.0	15.8	20.1	21.6	23.2	24.7	26.3	27.9	29.4	30.9
2990.0	15.8	20.1	21.6	23.2	24.7	26.3	27.9	29.4	30.9
3000.0	15.8	20.1	21.6	23.2	24.7	26.3	27.9	29.4	30.9
3010.0	15.8	20.1	21.6	23.2	24.7	26.3	27.9	29.4	30.9
3020.0	15.8	20.0	21.5	23.2	24.7	26.3	27.9	29.4	30.9
3030.0	15.8	20.0	21.5	23.2	24.7	26.3	27.9	29.4	30.9
3040.0	15.8	20.0	21.5	23.2	24.7	26.3	27.9	29.4	30.9
3050.0	15.8	20.0	21.5	23.2	24.7	26.3	27.9	29.4	30.9
3060.0	15.7	20.0	21.5	23.2	24.7	26.3	27.9	29.4	30.9
3070.0	15.8	20.0	21.5	23.2	24.7	26.3	27.9	29.4	30.9
3080.0	15.8	20.0	21.5	23.1	24.6	26.3	27.8	29.4	30.9
3090.0	15.8	20.0	21.5	23.1	24.6	26.3	27.8	29.4	30.9
3100.0	15.8	20.0	21.5	23.2	24.6	26.3	27.8	29.4	30.9
3110.0	15.8	20.0	21.5	23.1	24.6	26.3	27.8	29.4	30.9
3120.0	15.8	20.0	21.5	23.1	24.6	26.3	27.8	29.4	30.9
3130.0	15.8	20.0	21.5	23.1	24.6	26.3	27.8	29.3	30.9
3140.0	15.8	20.0	21.5	23.1	24.6	26.3	27.8	29.4	30.9
3150.0	15.8	20.0	21.5	23.1	24.6	26.3	27.8	29.3	30.9
3160.0	15.8	20.0	21.5	23.1	24.6	26.3	27.8	29.3	30.9
3170.0	15.8	20.0	21.5	23.1	24.6	26.3	27.8	29.4	30.9
3180.0	15.8	20.0	21.5	23.1	24.6	26.3	27.8	29.3	30.9
3190.0	15.8	20.0	21.5	23.1	24.6	26.3	27.8	29.3	30.9
3200.0	15.8	20.0	21.5	23.1	24.6	26.3	27.8	29.3	30.9
3210.0	15.8	20.0	21.5	23.1	24.6	26.3	27.8	29.3	30.9
3220.0	15.8	20.0	21.5	23.1	24.6	26.3	27.8	29.3	30.9
3230.0	15.9	20.0	21.5	23.1	24.6	26.3	27.8	29.3	30.9
3240.0	15.8	20.0	21.5	23.1	24.6	26.3	27.8	29.3	30.9
3250.0	15.8	20.0	21.5	23.1	24.6	26.3	27.8	29.3	30.9
3260.0	15.9	20.0	21.5	23.1	24.6	26.3	27.8	29.3	30.9
3270.0	15.8	20.0	21.5	23.1	24.6	26.3	27.8	29.3	30.9
3280.0	15.8	20.0	21.5	23.1	24.6	26.3	27.8	29.3	30.9
3290.0	15.8	20.0	21.5	23.1	24.6	26.3	27.8	29.3	30.9
3300.0	15.8	20.0	21.5	23.1	24.6	26.3	27.8	29.3	30.9
3310.0	15.8	20.0	21.5	23.1	24.6	26.3	27.8	29.3	30.9
3320.0	15.8	20.0	21.5	23.1	24.6	26.3	27.8	29.3	30.9
3330.0	15.8	20.0	21.5	23.1	24.6	26.3	27.8	29.3	30.9
3340.0	15.8	20.0	21.5	23.1	24.6	26.3	27.8	29.3	30.9
3350.0	15.8	20.0	21.5	23.1	24.6	26.3	27.8	29.3	30.9
3360.0	15.8	20.0	21.5	23.1	24.6	26.2	27.8	29.3	30.9
3370.0	15.8	20.0	21.5	23.1	24.6	26.3	27.8	29.3	30.9
3380.0	15.8	20.0	21.5	23.1	24.6	26.2	27.8	29.3	30.9
3390.0	15.8	20.0	21.5	23.1	24.6	26.2	27.8	29.3	30.8
3400.0	15.8	20.0	21.5	23.1	24.6	26.2	27.8	29.3	30.8
3410.0	15.8	20.0	21.5	23.1	24.6	26.2	27.8	29.3	30.8
3420.0	15.8	20.0	21.5	23.1	24.6	26.2	27.8	29.3	30.8
3430.0	15.9	20.0	21.5	23.1	24.6	26.2	27.8	29.3	30.8
3440.0	15.9	20.0	21.5	23.1	24.6	26.2	27.8	29.3	30.9
3450.0	15.9	20.0	21.5	23.1	24.6	26.2	27.8	29.3	30.8
3460.0	15.9	20.0	21.5	23.1	24.6	26.2	27.8	29.3	30.8
3470.0	15.9	20.0	21.5	23.1	24.6	26.2	27.8	29.3	30.8
3480.0	15.9	20.0	21.5	23.1	24.6	26.2	27.8	29.3	30.8
3490.0	15.9	20.0	21.5	23.1	24.6	26.2	27.8	29.3	30.8
3500.0	16.0	20.0	21.5	23.1	24.6	26.2	27.8	29.3	30.8
3510.0	16.0	20.0	21.5	23.1	24.6	26.3	27.8	29.3	30.8
3520.0	16.0	20.0	21.5	23.1	24.6	26.3	27.8	29.3	30.8
3530.0	16.0	20.1	21.5	23.1	24.6	26.2	27.8	29.3	30.8
3540.0	16.0	20.1	21.5	23.1	24.6	26.3	27.8	29.3	30.8
3550.0	16.0	20.1	21.6	23.1	24.6	26.3	27.8	29.3	30.8
3560.0	16.0	20.1	21.6	23.1	24.6	26.3	27.8	29.3	30.8
3570.0	16.0	20.1	21.6	23.2	24.6	26.3	27.8	29.3	30.8
3580.0	16.0	20.1	21.6	23.2	24.6	26.3	27.8	29.3	30.8
3590.0	16.0	20.1	21.6	23.2	24.6	26.3	27.8	29.3	30.9
3600.0	16.0	20.1	21.6	23.2	24.6	26.3	27.8	29.3	30.8
3610.0	16.0	20.1	21.6	23.2	24.6	26.3	27.8	29.3	30.9
3620.0	16.0	20.1	21.6	23.2	24.7	26.3	27.8	29.3	30.9
3630.0	16.0	20.1	21.6	23.2	24.6	26.3	27.8	29.3	30.8
3640.0	15.9	20.1	21.6	23.2	24.6	26.3	27.8	29.3	30.8
3650.0	15.9	20.1	21.6	23.2	24.7	26.3	27.8	29.3	30.9
3660.0	15.9	20.1	21.6	23.2	24.7	26.3	27.8	29.3	30.9
3670.0	15.9	20.1	21.6	23.2	24.7	26.3	27.8	29.3	30.9
3680.0	15.9	20.1	21.6	23.2	24.7	26.3	27.8	29.3	30.9
3690.0	15.9	20.1	21.6	23.2	24.7	26.3	27.8	29.3	30.9
3700.0	16.0	20.1	21.6	23.2	24.6	26.3	27.8	29.3	30.9
3710.0	16.0	20.1	21.6	23.2	24.7	26.3	27.8	29.3	30.9
3720.0	16.0	20.1	21.6	23.2	24.7	26.3	27.8	29.3	30.9
3730.0	16.0	20.1	21.6	23.2	24.7	26.3	27.8	29.3	30.9
3740.0	16.0	20.1	21.6	23.2	24.7	26.3	27.8	29.3	30.9
3750.0	16.0	20.1	21.6	23.2	24.7	26.3	27.8	29.3	30.9
3760.0	16.0	20.1	21.6	23.2	24.7	26.3	27.8	29.3	30.9
3770.0	16.0	20.1	21.6	23.2	24.7	26.3	27.8	29.3	30.9
3780.0	16.0	20.1	21.6	23.2	24.7	26.3	27.8	29.3	30.9
3790.0	16.0	20.1	21.6	23.2	24.7	26.3	27.8	29.3	30.9
3800.0	16.0	20.1	21.6	23.2	24.7	26.3	27.8	29.3	30.9
3810.0	16.0	20.1	21.6	23.2	24.6	26.3	27.8	29.3	30.9
3820.0	16.0	20.1	21.6	23.2	24.7	26.3	27.8	29.3	30.9
3830.0	16.1	20.1	21.6	23.2	24.7	26.3	27.8	29.3	30.9
3840.0	16.1	20.1	21.6	23.2	24.7	26.3	27.8	29.3	30.9
3850.0	16.0	20.1	21.6	23.2	24.7	26.3	27.8	29.3	30.9
3860.0	16.0	20.1	21.6	23.2	24.7	26.3	27.8	29.3	30.9
3870.0	16.1	20.1	21.6	23.2	24.7	26.3	27.8	29.3	30.9
3880.0	16.1	20.2	21.6	23.2	24.7	26.3	27.8	29.4	30.9
3890.0	16.1	20.2	21.6	23.2	24.7	26.3	27.8	29.4	30.9
3900.0	16.1	20.2	21.6	23.2	24.7	26.3	27.8	29.4	30.9
3910.0	16.1	20.2	21.7	23.2	24.7	26.3	27.9	29.4	30.9
3920.0	16.1	20.2	21.7	23.2	24.7	26.3	27.9	29.4	30.9
3930.0	16.2	20.2	21.7	23.3	24.7	26.4	27.9	29.4	30.9
3940.0	16.2	20.2	21.7	23.3	24.7	26.4	27.9	29.4	30.9
3950.0	16.2	20.2	21.7	23.3	24.7	26.4	27.9	29.4	30.9
3960.0	16.2	20.2	21.7	23.3	24.7	26.4	27.9	29.4	30.9
3970.0	16.3	20.3	21.7	23.3	24.8	26.4	27.9	29.4	30.9
3980.0	16.3	20.3	21.7	23.3	24.8	26.4	27.9	29.4	30.9
3990.0	16.3	20.3	21.7	23.3	24.8	26.4	27.9	29.4	30.9
4000.0	16.3	20.3	21.8	23.3	24.8	26.4	27.9	29.4	30.9
4010.0	16.3	20.3	21.8	23.3	24.8	26.4	27.9	29.4	30.9
4020.0	16.3	20.3	21.8	23.3	24.8	26.4	27.9	29.4	30.9
4030.0	16.3	20.3	21.8	23.3	24.8	26.4	27.9	29.4	30.9
4040.0	16.3	20.3	21.8	23.4	24.8	26.4	27.9	29.4	30.9
4050.0	16.3	20.4	21.8	23.4	24.8	26.4	27.9	29.4	30.9
4060.0	16.3	20.4	21.8	23.4	24.8	26.4	27.9	29.4	31.0
4070.0	16.4	20.4	21.8	23.4	24.8	26.5	27.9	29.4	31.0
4080.0	16.4	20.4	21.8	23.4	24.8	26.5	28.0	29.5	31.0
4090.0	16.3	20.4	21.8	23.4	24.9	26.5	28.0	29.5	31.0
4100.0	16.3	20.4	21.9	23.4	24.9	26.5	28.0	29.5	31.0
4110.0	16.3	20.4	21.9	23.4	24.9	26.5	28.0	29.5	31.0
4120.0	16.3	20.4	21.9	23.4	24.9	26.5	28.0	29.5	31.0
4130.0	16.3	20.4	21.9	23.4	24.9	26.5	28.0	29.5	31.0
4140.0	16.3	20.4	21.9	23.4	24.9	26.5	28.0	29.5	31.0
4150.0	16.3	20.4	21.9	23.4	24.9	26.5	28.0	29.5	31.0
4160.0	16.3	20.4	21.9	23.4	24.9	26.5	28.0	29.5	31.0
4170.0	16.3	20.4	21.9	23.4	24.9	26.5	28.0	29.5	31.0
4180.0	16.3	20.4	21.9	23.4	24.9	26.5	28.0	29.5	31.0
4190.0	16.3	20.4	21.9	23.5	24.9	26.5	28.0	29.5	31.0
4200.0	16.3	20.4	21.9	23.4	24.9	26.5	28.0	29.5	31.0
4210.0	16.2	20.4	21.8	23.4	24.9	26.5	28.0	29.5	31.0
4220.0	16.2	20.4	21.8	23.4	24.9	26.5	28.0	29.5	31.0
4230.0	16.2	20.4	21.8	23.4	24.9	26.5	28.0	29.5	31.0
4240.0	16.2	20.4	21.8	23.4	24.9	26.5	28.0	29.5	31.0
4250.0	16.2	20.4	21.8	23.4	24.9	26.5	28.0	29.5	31.1
4260.0	16.2	20.4	21.8	23.4	24.9	26.5	28.0	29.5	31.0
4270.0	16.2	20.3	21.8	23.4	24.9	26.5	28.0	29.5	31.0
4280.0	16.2	20.4	21.8	23.4	24.9	26.5	28.0	29.5	31.0
4290.0	16.2	20.4	21.8	23.4	24.9	26.5	28.0	29.5	31.1
4300.0	16.2	20.4	21.8	23.4	24.9	26.5	28.0	29.5	31.1
4310.0	16.2	20.4	21.8	23.4	24.9	26.5	28.0	29.5	31.1
4320.0	16.2	20.4	21.8	23.4	24.9	26.5	28.0	29.5	31.1
4330.0	16.2	20.4	21.8	23.4	24.9	26.5	28.0	29.5	31.1
4340.0	16.2	20.4	21.8	23.4	24.9	26.5	28.0	29.6	31.1
4350.0	16.2	20.4	21.8	23.4	24.9	26.5	28.0	29.5	31.1
4360.0	16.2	20.4	21.8	23.4	24.9	26.5	28.0	29.5	31.1
4370.0	16.2	20.4	21.9	23.4	24.9	26.5	28.0	29.6	31.1
4380.0	16.2	20.4	21.8	23.4	24.9	26.5	28.0	29.5	31.1
4390.0	16.2	20.4	21.8	23.4	24.9	26.5	28.0	29.6	31.1
4400.0	16.2	20.4	21.8	23.4	24.9	26.5	28.1	29.5	31.1
4410.0	16.2	20.4	21.9	23.5	24.9	26.6	28.1	29.6	31.1
4420.0	16.2	20.4	21.9	23.4	24.9	26.5	28.0	29.6	31.1
4430.0	16.3	20.4	21.9	23.5	24.9	26.5	28.1	29.6	31.1
4440.0	16.3	20.4	21.9	23.4	24.9	26.5	28.0	29.6	31.1
4450.0	16.3	20.4	21.9	23.4	24.9	26.5	28.1	29.6	31.1
4460.0	16.3	20.4	21.9	23.4	24.9	26.5	28.1	29.6	31.1
4470.0	16.3	20.4	21.9	23.5	24.9	26.6	28.1	29.6	31.1
4480.0	16.3	20.4	21.9	23.5	24.9	26.6	28.1	29.6	31.1
4490.0	16.3	20.4	21.9	23.5	24.9	26.6	28.1	29.6	31.1
4500.0	16.3	20.4	21.9	23.5	24.9	26.6	28.1	29.6	31.1
4510.0	16.3	20.4	21.9	23.5	24.9	26.6	28.1	29.6	31.1
4520.0	16.3	20.4	21.9	23.5	25.0	26.6	28.1	29.6	31.1
4530.0	16.3	20.5	21.9	23.5	25.0	26.6	28.1	29.6	31.1
4540.0	16.3	20.5	21.9	23.5	25.0	26.6	28.1	29.6	31.1
4550.0	16.4	20.5	21.9	23.5	25.0	26.6	28.1	29.6	31.1
4560.0	16.4	20.5	21.9	23.5	25.0	26.6	28.1	29.6	31.1
4570.0	16.4	20.5	21.9	23.5	25.0	26.6	28.1	29.6	31.1
4580.0	16.4	20.5	22.0	23.5	25.0	26.6	28.1	29.6	31.1
4590.0	16.4	20.5	22.0	23.5	25.0	26.6	28.1	29.6	31.1
4600.0	16.4	20.5	22.0	23.5	25.0	26.6	28.1	29.6	31.1
4610.0	16.4	20.5	22.0	23.5	25.0	26.6	28.1	29.6	31.1
4620.0	16.5	20.5	22.0	23.6	25.0	26.6	28.1	29.6	31.1
4630.0	16.5	20.5	22.0	23.6	25.0	26.6	28.1	29.6	31.1
4640.0	16.5	20.5	22.0	23.6	25.0	26.6	28.1	29.6	31.2
4650.0	16.5	20.6	22.0	23.6	25.0	26.6	28.1	29.6	31.2
4660.0	16.5	20.6	22.0	23.6	25.0	26.7	28.2	29.7	31.2
4670.0	16.5	20.6	22.0	23.6	25.0	26.7	28.2	29.6	31.2
4680.0	16.5	20.6	22.0	23.6	25.1	26.7	28.2	29.7	31.2
4690.0	16.5	20.6	22.0	23.6	25.0	26.7	28.2	29.7	31.2
4700.0	16.5	20.6	22.1	23.6	25.1	26.7	28.2	29.7	31.2
4710.0	16.5	20.6	22.1	23.6	25.1	26.7	28.2	29.7	31.2
4720.0	16.5	20.6	22.1	23.6	25.1	26.7	28.2	29.7	31.2
4730.0	16.5	20.6	22.1	23.6	25.1	26.7	28.2	29.7	31.2
4740.0	16.5	20.6	22.1	23.6	25.1	26.7	28.2	29.7	31.2
4750.0	16.5	20.6	22.1	23.6	25.1	26.7	28.2	29.7	31.2
4760.0	16.5	20.6	22.1	23.6	25.1	26.7	28.2	29.7	31.2
4770.0	16.5	20.6	22.1	23.6	25.1	26.7	28.2	29.7	31.2
4780.0	16.5	20.6	22.1	23.6	25.1	26.7	28.2	29.7	31.2
4790.0	16.4	20.6	22.1	23.6	25.1	26.7	28.2	29.7	31.2
4800.0	16.4	20.6	22.1	23.7	25.1	26.7	28.2	29.7	31.2
4810.0	16.4	20.6	22.0	23.6	25.1	26.7	28.2	29.7	31.2
4820.0	16.4	20.6	22.0	23.6	25.1	26.7	28.2	29.7	31.2
4830.0	16.4	20.6	22.0	23.6	25.1	26.7	28.2	29.7	31.2
4840.0	16.4	20.6	22.0	23.6	25.1	26.7	28.2	29.7	31.2
4850.0	16.3	20.5	22.0	23.6	25.1	26.7	28.2	29.7	31.2
4860.0	16.3	20.5	22.0	23.6	25.1	26.7	28.2	29.7	31.2
4870.0	16.3	20.5	22.0	23.6	25.1	26.7	28.2	29.7	31.2
4880.0	16.3	20.5	22.0	23.6	25.1	26.7	28.2	29.7	31.2
4890.0	16.3	20.5	22.0	23.6	25.1	26.7	28.2	29.7	31.2
4900.0	16.3	20.5	22.0	23.6	25.1	26.7	28.2	29.7	31.2
4910.0	16.3	20.5	22.0	23.6	25.1	26.7	28.2	29.7	31.2
4920.0	16.3	20.5	22.0	23.6	25.1	26.7	28.2	29.7	31.2
4930.0	16.3	20.5	22.0	23.6	25.1	26.7	28.2	29.7	31.3
4940.0	16.3	20.5	22.0	23.6	25.1	26.7	28.2	29.7	31.3
4950.0	16.3	20.5	22.0	23.6	25.1	26.7	28.2	29.7	31.2
4960.0	16.3	20.5	22.0	23.6	25.1	26.7	28.2	29.7	31.3
4970.0	16.3	20.5	22.0	23.6	25.1	26.7	28.2	29.7	31.2
4980.0	16.3	20.5	22.0	23.6	25.1	26.7	28.2	29.7	31.3
4990.0	16.3	20.5	22.0	23.6	25.1	26.7	28.2	29.7	31.3
5000.0	16.3	20.5	22.0	23.6	25.0	26.7	28.2	29.7	31.3
5010.0	16.3	20.5	22.0	23.6	25.1	26.7	28.2	29.7	31.2
5020.0	16.3	20.5	22.0	23.6	25.1	26.7	28.2	29.7	31.3
5030.0	16.3	20.5	22.0	23.6	25.0	26.7	28.2	29.7	31.2
5040.0	16.3	20.5	22.0	23.6	25.0	26.7	28.2	29.7	31.2
5050.0	16.3	20.5	22.0	23.6	25.0	26.7	28.2	29.7	31.2
5060.0	16.3	20.5	22.0	23.6	25.0	26.7	28.2	29.7	31.2
5070.0	16.3	20.5	22.0	23.6	25.1	26.7	28.2	29.7	31.2
5080.0	16.3	20.5	22.0	23.6	25.0	26.7	28.2	29.7	31.2
5090.0	16.3	20.5	22.0	23.6	25.0	26.7	28.2	29.7	31.2
5100.0	16.3	20.5	22.0	23.6	25.1	26.7	28.2	29.7	31.2
5110.0	16.3	20.5	22.0	23.6	25.0	26.7	28.2	29.7	31.2
5120.0	16.3	20.5	22.0	23.6	25.0	26.7	28.2	29.7	31.2
5130.0	16.3	20.5	22.0	23.6	25.1	26.7	28.2	29.7	31.3
5140.0	16.3	20.5	22.0	23.6	25.1	26.7	28.2	29.7	31.2
5150.0	16.3	20.5	22.0	23.6	25.0	26.7	28.2	29.7	31.2
5160.0	16.3	20.5	22.0	23.6	25.1	26.7	28.2	29.7	31.2
5170.0	16.4	20.5	22.0	23.6	25.1	26.7	28.2	29.7	31.3
5180.0	16.4	20.5	22.0	23.6	25.1	26.7	28.2	29.7	31.3
5190.0	16.4	20.5	22.0	23.6	25.1	26.7	28.2	29.7	31.3
5200.0	16.4	20.5	22.0	23.6	25.1	26.7	28.2	29.7	31.3
5210.0	16.4	20.6	22.0	23.6	25.1	26.7	28.2	29.7	31.3
5220.0	16.4	20.5	22.0	23.6	25.1	26.7	28.2	29.7	31.3
5230.0	16.5	20.6	22.0	23.6	25.1	26.7	28.2	29.7	31.3
5240.0	16.5	20.6	22.0	23.6	25.1	26.7	28.2	29.7	31.3
5250.0	16.5	20.6	22.1	23.6	25.1	26.7	28.2	29.7	31.3
5260.0	16.5	20.6	22.1	23.6	25.1	26.7	28.2	29.7	31.3
5270.0	16.5	20.6	22.1	23.6	25.1	26.7	28.2	29.7	31.3
5280.0	16.5	20.6	22.1	23.6	25.1	26.7	28.2	29.8	31.3
5290.0	16.5	20.6	22.1	23.6	25.1	26.7	28.2	29.8	31.3
5300.0	16.5	20.6	22.1	23.7	25.1	26.7	28.3	29.8	31.3
5310.0	16.5	20.6	22.1	23.7	25.1	26.7	28.3	29.8	31.3
5320.0	16.5	20.6	22.1	23.7	25.1	26.7	28.2	29.8	31.3
5330.0	16.5	20.6	22.1	23.7	25.1	26.7	28.2	29.7	31.3
5340.0	16.5	20.6	22.1	23.7	25.1	26.8	28.3	29.8	31.3
5350.0	16.5	20.6	22.1	23.7	25.1	26.8	28.3	29.8	31.3
5360.0	16.5	20.6	22.1	23.7	25.2	26.8	28.3	29.8	31.3
5370.0	16.5	20.6	22.1	23.7	25.2	26.8	28.3	29.8	31.3
5380.0	16.5	20.6	22.1	23.7	25.1	26.8	28.3	29.8	31.3
5390.0	16.5	20.6	22.1	23.7	25.1	26.8	28.3	29.8	31.3
5400.0	16.5	20.6	22.1	23.7	25.2	26.8	28.3	29.8	31.3
5410.0	16.5	20.6	22.1	23.7	25.2	26.8	28.3	29.8	31.3
5420.0	16.4	20.6	22.1	23.7	25.2	26.8	28.3	29.8	31.3
5430.0	16.4	20.6	22.1	23.7	25.2	26.8	28.3	29.8	31.3
5440.0	16.4	20.6	22.1	23.7	25.2	26.8	28.3	29.8	31.3
5450.0	16.4	20.6	22.1	23.7	25.1	26.8	28.3	29.8	31.3
5460.0	16.4	20.6	22.1	23.7	25.2	26.8	28.3	29.8	31.3
5470.0	16.4	20.6	22.1	23.7	25.2	26.8	28.3	29.8	31.3
5480.0	16.4	20.6	22.1	23.7	25.2	26.8	28.3	29.8	31.3
5490.0	16.4	20.6	22.1	23.7	25.2	26.8	28.3	29.8	31.3
5500.0	16.4	20.6	22.1	23.7	25.2	26.8	28.3	29.8	31.3
5510.0	16.4	20.6	22.1	23.7	25.1	26.8	28.3	29.8	31.3
5520.0	16.4	20.6	22.1	23.7	25.2	26.8	28.3	29.8	31.3
5530.0	16.4	20.6	22.1	23.7	25.1	26.8	28.3	29.8	31.3
5540.0	16.4	20.6	22.1	23.7	25.1	26.8	28.3	29.8	31.3
5550.0	16.4	20.6	22.1	23.7	25.1	26.8	28.3	29.8	31.3
5560.0	16.4	20.6	22.1	23.7	25.2	26.8	28.3	29.8	31.3
5570.0	16.3	20.6	22.1	23.7	25.1	26.8	28.3	29.8	31.3
5580.0	16.3	20.6	22.0	23.7	25.1	26.8	28.3	29.8	31.3
5590.0	16.3	20.5	22.0	23.6	25.1	26.8	28.3	29.8	31.3
5600.0	16.2	20.5	22.0	23.6	25.1	26.8	28.3	29.8	31.3
5610.0	16.2	20.5	22.0	23.6	25.1	26.8	28.3	29.8	31.3
5620.0	16.2	20.5	22.0	23.6	25.1	26.8	28.3	29.8	31.3
5630.0	16.2	20.5	22.0	23.6	25.1	26.8	28.3	29.8	31.3
5640.0	16.1	20.5	22.0	23.6	25.1	26.8	28.3	29.8	31.3
5650.0	16.1	20.5	22.0	23.6	25.1	26.7	28.3	29.8	31.3
5660.0	16.1	20.5	22.0	23.6	25.1	26.7	28.3	29.8	31.3
5670.0	16.1	20.4	21.9	23.6	25.1	26.7	28.3	29.8	31.3
5680.0	16.1	20.4	21.9	23.6	25.1	26.7	28.2	29.8	31.3
5690.0	16.1	20.4	21.9	23.6	25.1	26.7	28.3	29.8	31.3
5700.0	16.0	20.4	21.9	23.5	25.0	26.7	28.2	29.8	31.3
5710.0	16.0	20.4	21.9	23.5	25.0	26.7	28.2	29.8	31.3
5720.0	16.0	20.4	21.9	23.5	25.0	26.7	28.2	29.8	31.3
5730.0	16.0	20.4	21.9	23.5	25.0	26.7	28.2	29.8	31.3
5740.0	16.0	20.3	21.9	23.5	25.0	26.7	28.2	29.7	31.3
5750.0	16.0	20.3	21.8	23.5	25.0	26.7	28.2	29.7	31.3
5760.0	16.0	20.3	21.8	23.5	25.0	26.7	28.2	29.7	31.3
5770.0	16.0	20.3	21.8	23.5	25.0	26.7	28.2	29.7	31.3
5780.0	16.0	20.3	21.8	23.5	25.0	26.6	28.2	29.7	31.3
5790.0	16.0	20.3	21.8	23.5	25.0	26.6	28.2	29.7	31.3
5800.0	16.0	20.3	21.8	23.5	25.0	26.6	28.2	29.7	31.3
5810.0	15.9	20.3	21.8	23.5	25.0	26.6	28.2	29.7	31.3
5820.0	15.9	20.3	21.8	23.4	25.0	26.6	28.2	29.7	31.3
5830.0	15.9	20.3	21.8	23.4	25.0	26.6	28.2	29.7	31.3
5840.0	15.9	20.2	21.8	23.4	24.9	26.6	28.1	29.7	31.2
5850.0	15.8	20.2	21.8	23.4	24.9	26.6	28.1	29.7	31.2
5860.0	15.8	20.2	21.7	23.4	24.9	26.6	28.1	29.7	31.2
5870.0	15.8	20.2	21.7	23.4	24.9	26.6	28.1	29.7	31.2
5880.0	15.8	20.2	21.7	23.4	24.9	26.6	28.1	29.7	31.2
5890.0	15.8	20.2	21.7	23.4	24.9	26.6	28.1	29.7	31.2
5900.0	15.8	20.2	21.7	23.3	24.9	26.6	28.1	29.6	31.2
5910.0	15.8	20.2	21.7	23.3	24.9	26.5	28.1	29.6	31.2
5920.0	15.8	20.2	21.7	23.3	24.9	26.5	28.1	29.6	31.2
5930.0	15.8	20.1	21.7	23.3	24.9	26.5	28.1	29.6	31.2
5940.0	15.8	20.1	21.7	23.3	24.8	26.5	28.1	29.6	31.2
5950.0	15.7	20.1	21.6	23.3	24.8	26.5	28.1	29.6	31.2
5960.0	15.8	20.1	21.6	23.3	24.8	26.5	28.0	29.6	31.2
5970.0	15.8	20.1	21.6	23.3	24.8	26.5	28.1	29.6	31.2
5980.0	15.8	20.1	21.6	23.3	24.8	26.5	28.0	29.6	31.2
5990.0	15.8	20.1	21.6	23.3	24.8	26.5	28.0	29.6	31.1
6000.0	15.8	20.1	21.6	23.3	24.8	26.5	28.0	29.6	31.1
6010.0	15.8	20.1	21.6	23.3	24.8	26.5	28.0	29.6	31.1
6020.0	15.8	20.1	21.6	23.3	24.8	26.5	28.0	29.6	31.1
6030.0	15.8	20.1	21.6	23.3	24.8	26.5	28.0	29.6	31.1
6040.0	15.8	20.1	21.6	23.3	24.8	26.5	28.0	29.6	31.1
6050.0	15.8	20.1	21.6	23.3	24.8	26.4	28.0	29.5	31.1
6060.0	15.8	20.1	21.6	23.2	24.8	26.4	28.0	29.5	31.1
6070.0	15.8	20.1	21.6	23.2	24.8	26.4	28.0	29.5	31.1
6080.0	15.8	20.1	21.6	23.2	24.8	26.4	28.0	29.5	31.1
6090.0	15.7	20.1	21.6	23.2	24.8	26.4	28.0	29.5	31.1
6100.0	15.7	20.1	21.6	23.2	24.7	26.4	28.0	29.5	31.1
6110.0	15.7	20.0	21.6	23.2	24.7	26.4	28.0	29.5	31.1
6120.0	15.7	20.0	21.6	23.2	24.7	26.4	28.0	29.5	31.1
6130.0	15.7	20.0	21.5	23.2	24.7	26.4	27.9	29.5	31.1
6140.0	15.7	20.0	21.5	23.2	24.7	26.4	27.9	29.5	31.1
6150.0	15.7	20.0	21.5	23.2	24.7	26.4	27.9	29.5	31.0
6160.0	15.7	20.0	21.5	23.2	24.7	26.4	27.9	29.5	31.0
6170.0	15.7	20.0	21.5	23.2	24.7	26.4	27.9	29.5	31.0
6180.0	15.7	20.0	21.5	23.2	24.7	26.4	27.9	29.5	31.0
6190.0	15.7	20.0	21.5	23.2	24.7	26.4	27.9	29.5	31.0
6200.0	15.7	20.0	21.5	23.2	24.7	26.4	27.9	29.5	31.0
6210.0	15.7	20.0	21.5	23.2	24.7	26.3	27.9	29.4	31.0
6220.0	15.7	20.0	21.5	23.2	24.7	26.3	27.9	29.5	31.0
6230.0	15.7	20.0	21.5	23.2	24.7	26.3	27.9	29.4	31.0
6240.0	15.8	20.0	21.5	23.2	24.7	26.3	27.9	29.4	31.0
6250.0	15.8	20.0	21.5	23.2	24.7	26.3	27.9	29.4	31.0
6260.0	15.8	20.0	21.5	23.2	24.7	26.3	27.9	29.4	31.0
6270.0	15.8	20.0	21.5	23.2	24.7	26.3	27.9	29.4	31.0
6280.0	15.8	20.0	21.5	23.2	24.7	26.3	27.9	29.4	31.0
6290.0	15.8	20.0	21.6	23.2	24.7	26.3	27.9	29.4	31.0
6300.0	15.8	20.0	21.5	23.2	24.7	26.3	27.9	29.4	31.0
6310.0	15.8	20.0	21.5	23.2	24.7	26.3	27.9	29.4	31.0
6320.0	15.8	20.0	21.5	23.2	24.7	26.3	27.9	29.4	31.0
6330.0	15.8	20.0	21.5	23.2	24.7	26.3	27.9	29.4	31.0
6340.0	15.8	20.0	21.5	23.2	24.7	26.3	27.9	29.4	31.0
6350.0	15.8	20.0	21.5	23.2	24.7	26.3	27.9	29.4	31.0
6360.0	15.8	20.0	21.5	23.2	24.7	26.3	27.9	29.4	31.0
6370.0	15.7	20.0	21.5	23.2	24.7	26.3	27.9	29.4	30.9
6380.0	15.7	20.0	21.5	23.2	24.7	26.3	27.9	29.4	30.9
6390.0	15.7	20.0	21.5	23.2	24.7	26.3	27.8	29.4	30.9
6400.0	15.7	20.0	21.5	23.2	24.7	26.3	27.9	29.4	31.0
6410.0	15.7	20.0	21.5	23.1	24.6	26.3	27.8	29.4	30.9
6420.0	15.7	20.0	21.5	23.1	24.7	26.3	27.9	29.4	30.9
6430.0	15.7	20.0	21.5	23.1	24.6	26.3	27.8	29.4	30.9
6440.0	15.7	20.0	21.5	23.1	24.6	26.3	27.8	29.4	30.9
6450.0	15.8	20.0	21.5	23.1	24.6	26.3	27.8	29.4	30.9
6460.0	15.8	20.0	21.5	23.1	24.6	26.3	27.8	29.4	30.9
6470.0	15.8	20.0	21.5	23.1	24.6	26.3	27.8	29.4	30.9
6480.0	15.8	20.0	21.5	23.1	24.6	26.3	27.8	29.4	30.9
6490.0	15.8	20.0	21.5	23.1	24.6	26.3	27.8	29.4	30.9
6500.0	15.8	20.0	21.5	23.1	24.6	26.3	27.8	29.4	30.9
6510.0	15.8	20.0	21.5	23.1	24.6	26.3	27.8	29.4	30.9
6520.0	15.8	20.0	21.5	23.1	24.6	26.3	27.8	29.4	30.9
6530.0	15.8	20.0	21.5	23.1	24.6	26.3	27.8	29.4	30.9
6540.0	15.8	20.0	21.5	23.1	24.6	26.3	27.8	29.4	30.9
6550.0	15.8	20.0	21.5	23.1	24.6	26.3	27.8	29.4	30.9
6560.0	15.8	20.0	21.5	23.1	24.6	26.3	27.8	29.4	30.9
6570.0	15.9	20.0	21.5	23.1	24.6	26.3	27.8	29.4	30.9
6580.0	15.9	20.1	21.5	23.2	24.6	26.3	27.8	29.4	30.9
6590.0	15.9	20.1	21.6	23.2	24.6	26.3	27.8	29.3	30.9
6600.0	15.9	20.1	21.6	23.2	24.6	26.3	27.8	29.3	30.9
6610.0	15.9	20.1	21.6	23.2	24.6	26.3	27.8	29.3	30.9
6620.0	16.0	20.1	21.6	23.2	24.7	26.3	27.8	29.4	30.9
6630.0	16.0	20.1	21.6	23.2	24.7	26.3	27.8	29.4	30.9
6640.0	16.0	20.1	21.6	23.2	24.7	26.3	27.8	29.4	30.9
6650.0	16.0	20.1	21.6	23.2	24.7	26.3	27.8	29.4	30.9
6660.0	16.0	20.1	21.6	23.2	24.7	26.3	27.8	29.4	30.9
6670.0	16.1	20.1	21.6	23.2	24.7	26.3	27.8	29.4	30.9
6680.0	16.1	20.2	21.6	23.2	24.7	26.3	27.8	29.4	30.9
6690.0	16.1	20.2	21.6	23.2	24.7	26.3	27.8	29.4	30.9
6700.0	16.1	20.2	21.7	23.2	24.7	26.3	27.9	29.4	30.9
6710.0	16.1	20.2	21.6	23.2	24.7	26.3	27.9	29.4	30.9
6720.0	16.1	20.2	21.6	23.2	24.7	26.3	27.9	29.4	30.9
6730.0	16.1	20.2	21.7	23.3	24.7	26.4	27.9	29.4	30.9
6740.0	16.0	20.2	21.7	23.3	24.7	26.4	27.9	29.4	30.9
6750.0	16.0	20.2	21.7	23.3	24.7	26.4	27.9	29.4	30.9
6760.0	16.1	20.2	21.7	23.2	24.7	26.4	27.9	29.4	30.9
6770.0	16.0	20.2	21.7	23.3	24.7	26.4	27.9	29.4	30.9
6780.0	16.0	20.2	21.7	23.3	24.7	26.4	27.9	29.4	30.9
6790.0	16.0	20.2	21.7	23.3	24.7	26.4	27.9	29.4	30.9
6800.0	16.0	20.2	21.7	23.3	24.7	26.4	27.9	29.4	30.9
6810.0	16.0	20.2	21.7	23.2	24.7	26.4	27.9	29.4	30.9
6820.0	16.0	20.2	21.7	23.3	24.7	26.4	27.9	29.4	30.9
6830.0	16.0	20.2	21.7	23.3	24.7	26.4	27.9	29.4	30.9
6840.0	16.0	20.2	21.7	23.3	24.7	26.4	27.9	29.4	30.9
6850.0	16.0	20.2	21.7	23.3	24.7	26.4	27.9	29.4	30.9
6860.0	16.0	20.2	21.7	23.3	24.7	26.4	27.9	29.4	30.9
6870.0	16.0	20.2	21.7	23.3	24.7	26.4	27.9	29.4	30.9
6880.0	16.0	20.2	21.7	23.3	24.7	26.4	27.9	29.4	30.9
6890.0	16.0	20.2	21.7	23.3	24.8	26.4	27.9	29.4	31.0
6900.0	16.0	20.2	21.7	23.3	24.7	26.4	27.9	29.4	30.9
6910.0	16.0	20.2	21.7	23.3	24.7	26.4	27.9	29.4	30.9
6920.0	16.0	20.2	21.7	23.3	24.8	26.4	27.9	29.4	30.9
6930.0	16.0	20.2	21.7	23.3	24.8	26.4	27.9	29.4	31.0
6940.0	16.1	20.2	21.7	23.3	24.8	26.4	27.9	29.4	31.0
6950.0	16.1	20.2	21.7	23.3	24.8	26.4	27.9	29.4	30.9
6960.0	16.1	20.2	21.7	23.3	24.8	26.4	27.9	29.4	31.0
6970.0	16.1	20.2	21.7	23.3	24.8	26.4	27.9	29.4	31.0
6980.0	16.1	20.2	21.7	23.3	24.8	26.4	27.9	29.4	31.0
6990.0	16.1	20.2	21.7	23.3	24.8	26.4	27.9	29.4	31.0
7000.0	16.1	20.2	21.7	23.3	24.8	26.4	27.9	29.4	31.0
7010.0	16.1	20.2	21.7	23.3	24.8	26.4	27.9	29.4	31.0
7020.0	16.1	20.3	21.7	23.3	24.8	26.4	27.9	29.4	31.0
7030.0	16.2	20.3	21.7	23.3	24.8	26.4	27.9	29.4	31.0
7040.0	16.2	20.3	21.7	23.3	24.8	26.4	27.9	29.4	31.0
7050.0	16.2	20.3	21.7	23.3	24.8	26.4	27.9	29.4	31.0
7060.0	16.2	20.3	21.8	23.3	24.8	26.4	27.9	29.5	31.0
7070.0	16.2	20.3	21.8	23.3	24.8	26.4	27.9	29.5	31.0
7080.0	16.2	20.3	21.8	23.3	24.8	26.4	27.9	29.5	31.0
7090.0	16.2	20.3	21.8	23.4	24.8	26.4	27.9	29.5	31.0
7100.0	16.2	20.3	21.8	23.4	24.8	26.5	28.0	29.5	31.0
7110.0	16.3	20.3	21.8	23.4	24.8	26.5	28.0	29.5	31.0
7120.0	16.3	20.3	21.8	23.4	24.8	26.5	28.0	29.5	31.0
7130.0	16.3	20.4	21.8	23.4	24.8	26.5	28.0	29.5	31.0
7140.0	16.3	20.4	21.8	23.4	24.9	26.5	28.0	29.5	31.0
7150.0	16.3	20.4	21.8	23.4	24.9	26.5	28.0	29.5	31.0
7160.0	16.3	20.4	21.9	23.4	24.9	26.5	28.0	29.5	31.0
7170.0	16.3	20.4	21.9	23.4	24.9	26.5	28.0	29.5	31.0
7180.0	16.4	20.4	21.9	23.4	24.9	26.5	28.0	29.5	31.0
7190.0	16.3	20.4	21.9	23.4	24.9	26.5	28.0	29.5	31.0
7200.0	16.3	20.4	21.9	23.4	24.9	26.5	28.0	29.5	31.0
7210.0	16.4	20.4	21.9	23.4	24.9	26.5	28.0	29.5	31.0
7220.0	16.4	20.4	21.9	23.4	24.9	26.5	28.0	29.5	31.0
7230.0	16.4	20.5	21.9	23.5	24.9	26.5	28.0	29.5	31.1
7240.0	16.3	20.4	21.9	23.5	24.9	26.5	28.0	29.5	31.0
7250.0	16.3	20.4	21.9	23.5	24.9	26.5	28.0	29.5	31.1
7260.0	16.3	20.4	21.9	23.5	24.9	26.5	28.0	29.5	31.1
7270.0	16.3	20.4	21.9	23.5	24.9	26.6	28.1	29.6	31.1
7280.0	16.3	20.4	21.9	23.5	24.9	26.6	28.1	29.6	31.1
7290.0	16.3	20.4	21.9	23.5	24.9	26.6	28.1	29.6	31.1
7300.0	16.3	20.4	21.9	23.5	25.0	26.6	28.1	29.6	31.1
7310.0	16.3	20.4	21.9	23.5	24.9	26.6	28.1	29.6	31.1
7320.0	16.3	20.4	21.9	23.5	25.0	26.6	28.1	29.6	31.1
7330.0	16.3	20.4	21.9	23.5	24.9	26.6	28.1	29.6	31.1
7340.0	16.2	20.4	21.9	23.5	24.9	26.6	28.1	29.6	31.1
7350.0	16.3	20.4	21.9	23.5	25.0	26.6	28.1	29.6	31.1
7360.0	16.3	20.4	21.9	23.5	25.0	26.6	28.1	29.6	31.1
7370.0	16.2	20.4	21.9	23.5	24.9	26.6	28.1	29.6	31.1
7380.0	16.2	20.4	21.9	23.5	25.0	26.6	28.1	29.6	31.1
7390.0	16.2	20.4	21.9	23.5	24.9	26.6	28.1	29.6	31.1
7400.0	16.2	20.4	21.9	23.5	24.9	26.6	28.1	29.6	31.1
7410.0	16.2	20.4	21.9	23.5	24.9	26.6	28.1	29.6	31.1
7420.0	16.2	20.4	21.9	23.5	25.0	26.6	28.1	29.6	31.1
7430.0	16.2	20.4	21.9	23.5	24.9	26.6	28.1	29.6	31.1
7440.0	16.2	20.4	21.9	23.5	24.9	26.6	28.1	29.6	31.1
7450.0	16.2	20.4	21.9	23.5	24.9	26.6	28.1	29.6	31.1
7460.0	16.2	20.4	21.9	23.5	24.9	26.6	28.1	29.6	31.1
7470.0	16.2	20.4	21.9	23.5	24.9	26.6	28.1	29.6	31.1
7480.0	16.2	20.4	21.9	23.5	24.9	26.6	28.1	29.6	31.1
7490.0	16.3	20.4	21.9	23.5	25.0	26.6	28.1	29.6	31.1
7500.0	16.3	20.4	21.9	23.5	24.9	26.6	28.1	29.6	31.1
7510.0	16.3	20.4	21.9	23.5	24.9	26.6	28.1	29.6	31.1
7520.0	16.3	20.4	21.9	23.5	24.9	26.6	28.1	29.6	31.1
7530.0	16.3	20.4	21.9	23.5	25.0	26.6	28.1	29.6	31.1
7540.0	16.3	20.4	21.9	23.5	25.0	26.6	28.1	29.6	31.1
7550.0	16.3	20.4	21.9	23.5	25.0	26.6	28.1	29.6	31.1
7560.0	16.3	20.4	21.9	23.5	25.0	26.6	28.1	29.6	31.1
7570.0	16.3	20.4	21.9	23.5	25.0	26.6	28.1	29.6	31.1
7580.0	16.3	20.4	21.9	23.5	25.0	26.6	28.1	29.6	31.1
7590.0	16.3	20.4	21.9	23.5	25.0	26.6	28.1	29.6	31.1
7600.0	16.3	20.4	21.9	23.5	25.0	26.6	28.1	29.6	31.1
7610.0	16.3	20.5	21.9	23.5	25.0	26.6	28.1	29.6	31.1
7620.0	16.3	20.5	21.9	23.5	25.0	26.6	28.1	29.6	31.1
7630.0	16.4	20.5	21.9	23.5	25.0	26.6	28.1	29.6	31.1
7640.0	16.4	20.5	21.9	23.5	25.0	26.6	28.1	29.6	31.1
7650.0	16.4	20.5	22.0	23.5	25.0	26.6	28.1	29.6	31.2
7660.0	16.4	20.5	22.0	23.5	25.0	26.6	28.1	29.6	31.2
7670.0	16.4	20.5	22.0	23.5	25.0	26.6	28.1	29.6	31.2
7680.0	16.4	20.5	22.0	23.5	25.0	26.6	28.1	29.6	31.2
7690.0	16.4	20.5	22.0	23.5	25.0	26.6	28.1	29.6	31.2
7700.0	16.4	20.5	22.0	23.6	25.0	26.6	28.1	29.7	31.2
7710.0	16.4	20.5	22.0	23.6	25.0	26.6	28.2	29.7	31.2
7720.0	16.4	20.5	22.0	23.6	25.0	26.6	28.1	29.7	31.2
7730.0	16.4	20.5	22.0	23.6	25.0	26.7	28.2	29.7	31.2
7740.0	16.4	20.5	22.0	23.6	25.0	26.7	28.2	29.7	31.2
7750.0	16.4	20.5	22.0	23.6	25.0	26.7	28.2	29.7	31.2
7760.0	16.4	20.5	22.0	23.6	25.0	26.7	28.2	29.7	31.2
7770.0	16.3	20.5	22.0	23.6	25.0	26.7	28.2	29.7	31.2
7780.0	16.3	20.5	22.0	23.6	25.0	26.7	28.2	29.7	31.2
7790.0	16.3	20.5	22.0	23.6	25.0	26.7	28.2	29.7	31.2
7800.0	16.3	20.5	22.0	23.6	25.0	26.7	28.2	29.7	31.2
7810.0	16.3	20.5	22.0	23.6	25.0	26.7	28.2	29.7	31.2
7820.0	16.3	20.5	22.0	23.5	25.0	26.7	28.2	29.7	31.2
7830.0	16.3	20.5	22.0	23.6	25.0	26.7	28.2	29.7	31.2
7840.0	16.3	20.5	21.9	23.5	25.0	26.7	28.2	29.7	31.2
7850.0	16.2	20.5	21.9	23.5	25.0	26.6	28.2	29.7	31.2
7860.0	16.3	20.5	21.9	23.5	25.0	26.7	28.2	29.7	31.2
7870.0	16.3	20.4	21.9	23.5	25.0	26.7	28.2	29.7	31.2
7880.0	16.3	20.4	21.9	23.5	25.0	26.6	28.2	29.7	31.2
7890.0	16.3	20.5	22.0	23.5	25.0	26.7	28.2	29.7	31.2
7900.0	16.3	20.4	21.9	23.5	25.0	26.7	28.2	29.7	31.2
7910.0	16.2	20.4	21.9	23.5	25.0	26.6	28.2	29.7	31.2
7920.0	16.3	20.4	21.9	23.5	25.0	26.6	28.2	29.7	31.2
7930.0	16.3	20.4	21.9	23.5	25.0	26.6	28.2	29.7	31.2
7940.0	16.2	20.4	21.9	23.5	25.0	26.6	28.2	29.7	31.2
7950.0	16.2	20.4	21.9	23.5	25.0	26.7	28.2	29.7	31.2
7960.0	16.2	20.4	21.9	23.5	25.0	26.6	28.2	29.7	31.2
7970.0	16.3	20.4	21.9	23.5	25.0	26.6	28.2	29.7	31.2
7980.0	16.3	20.4	21.9	23.5	25.0	26.6	28.1	29.7	31.2
7990.0	16.3	20.5	21.9	23.5	25.0	26.6	28.2	29.7	31.2
8000.0	16.3	20.5	21.9	23.5	25.0	26.6	28.2	29.7	31.2
8010.0	16.3	20.5	21.9	23.5	25.0	26.6	28.2	29.7	31.2
8020.0	16.3	20.5	21.9	23.5	25.0	26.6	28.2	29.7	31.2
8030.0	16.3	20.5	21.9	23.5	25.0	26.6	28.2	29.7	31.2
8040.0	16.3	20.5	21.9	23.5	25.0	26.6	28.2	29.7	31.2
8050.0	16.3	20.5	22.0	23.5	25.0	26.7	28.2	29.7	31.2
8060.0	16.3	20.5	22.0	23.6	25.0	26.7	28.2	29.7	31.2
8070.0	16.3	20.5	22.0	23.6	25.0	26.6	28.2	29.7	31.2
8080.0	16.3	20.5	22.0	23.6	25.0	26.7	28.2	29.7	31.2
8090.0	16.3	20.5	22.0	23.6	25.0	26.7	28.2	29.7	31.2
8100.0	16.3	20.5	22.0	23.5	25.0	26.7	28.2	29.7	31.2
8110.0	16.3	20.5	22.0	23.6	25.0	26.7	28.2	29.7	31.2
8120.0	16.3	20.5	22.0	23.6	25.0	26.7	28.2	29.7	31.2
8130.0	16.3	20.5	22.0	23.5	25.0	26.7	28.2	29.7	31.2
8140.0	16.3	20.5	22.0	23.5	25.0	26.7	28.2	29.7	31.2
8150.0	16.3	20.5	22.0	23.5	25.0	26.7	28.2	29.7	31.2
8160.0	16.3	20.5	22.0	23.6	25.0	26.7	28.2	29.7	31.2
8170.0	16.3	20.5	22.0	23.6	25.0	26.7	28.2	29.7	31.2
8180.0	16.3	20.5	22.0	23.5	25.0	26.7	28.2	29.7	31.2
8190.0	16.2	20.5	21.9	23.5	25.0	26.7	28.2	29.7	31.2
8200.0	16.3	20.5	21.9	23.6	25.0	26.7	28.2	29.7	31.2
8210.0	16.3	20.5	22.0	23.5	25.0	26.7	28.2	29.7	31.2
8220.0	16.3	20.5	21.9	23.5	25.0	26.7	28.2	29.7	31.2
8230.0	16.3	20.5	21.9	23.5	25.0	26.7	28.2	29.7	31.2
8240.0	16.3	20.5	21.9	23.6	25.0	26.7	28.2	29.7	31.2
8250.0	16.3	20.5	22.0	23.5	25.0	26.7	28.2	29.7	31.2
8260.0	16.3	20.5	22.0	23.5	25.0	26.7	28.2	29.7	31.2
8270.0	16.3	20.5	21.9	23.5	25.0	26.7	28.2	29.7	31.2
8280.0	16.3	20.5	22.0	23.5	25.0	26.7	28.2	29.7	31.2
8290.0	16.2	20.5	21.9	23.5	25.0	26.7	28.2	29.7	31.2
8300.0	16.2	20.4	21.9	23.5	25.0	26.7	28.2	29.7	31.2
8310.0	16.2	20.5	21.9	23.5	25.0	26.7	28.2	29.7	31.2
8320.0	16.2	20.4	21.9	23.5	25.0	26.6	28.2	29.7	31.2
8330.0	16.2	20.4	21.9	23.5	25.0	26.6	28.2	29.7	31.2
8340.0	16.2	20.4	21.9	23.5	25.0	26.7	28.2	29.7	31.2
8350.0	16.2	20.4	21.9	23.5	25.0	26.6	28.2	29.7	31.2
8360.0	16.1	20.4	21.9	23.5	25.0	26.6	28.2	29.7	31.2
8370.0	16.1	20.4	21.9	23.5	25.0	26.6	28.1	29.7	31.2
8380.0	16.1	20.4	21.9	23.5	25.0	26.7	28.2	29.7	31.2
8390.0	16.1	20.4	21.9	23.5	25.0	26.6	28.2	29.7	31.2
8400.0	16.1	20.4	21.9	23.5	25.0	26.6	28.2	29.7	31.2
8410.0	16.1	20.4	21.9	23.5	25.0	26.6	28.1	29.7	31.2
8420.0	16.2	20.4	21.9	23.5	25.0	26.6	28.2	29.7	31.2
8430.0	16.2	20.4	21.9	23.5	25.0	26.6	28.2	29.7	31.2
8440.0	16.1	20.4	21.9	23.5	25.0	26.6	28.1	29.7	31.2
8450.0	16.1	20.4	21.9	23.5	25.0	26.6	28.1	29.7	31.2
8460.0	16.1	20.4	21.9	23.5	25.0	26.6	28.1	29.7	31.2
8470.0	16.1	20.4	21.8	23.5	25.0	26.6	28.1	29.7	31.2
8480.0	16.1	20.3	21.8	23.5	25.0	26.6	28.1	29.7	31.2
8490.0	16.1	20.3	21.8	23.5	25.0	26.6	28.1	29.7	31.2
8500.0	16.1	20.3	21.8	23.5	25.0	26.6	28.1	29.6	31.2
8510.0	16.1	20.3	21.8	23.5	25.0	26.6	28.1	29.6	31.2
8520.0	16.1	20.3	21.8	23.4	24.9	26.6	28.1	29.6	31.2
8530.0	16.0	20.3	21.8	23.4	24.9	26.6	28.1	29.6	31.2
8540.0	16.1	20.3	21.8	23.4	24.9	26.6	28.1	29.6	31.2
8550.0	16.1	20.3	21.8	23.4	24.9	26.6	28.1	29.6	31.2
8560.0	16.0	20.3	21.8	23.4	24.9	26.6	28.1	29.6	31.2
8570.0	16.0	20.3	21.8	23.4	24.9	26.6	28.1	29.6	31.2
8580.0	16.0	20.3	21.8	23.4	24.9	26.6	28.1	29.6	31.2
8590.0	16.0	20.3	21.8	23.4	24.9	26.6	28.1	29.6	31.2
8600.0	16.0	20.3	21.8	23.4	24.9	26.6	28.1	29.6	31.2
8610.0	16.0	20.3	21.8	23.4	24.9	26.6	28.1	29.6	31.2
8620.0	16.0	20.3	21.8	23.4	24.9	26.5	28.1	29.6	31.2
8630.0	15.9	20.2	21.7	23.4	24.9	26.5	28.1	29.6	31.2
8640.0	16.0	20.2	21.8	23.4	24.9	26.5	28.1	29.6	31.1
8650.0	16.0	20.2	21.7	23.4	24.9	26.5	28.1	29.6	31.1
8660.0	16.0	20.2	21.7	23.4	24.9	26.5	28.1	29.6	31.1
8670.0	16.0	20.2	21.7	23.4	24.9	26.5	28.1	29.6	31.1
8680.0	16.0	20.2	21.7	23.4	24.9	26.5	28.1	29.6	31.1
8690.0	16.0	20.2	21.7	23.4	24.9	26.5	28.1	29.6	31.1
8700.0	16.0	20.2	21.7	23.3	24.9	26.5	28.0	29.6	31.1
8710.0	16.0	20.2	21.7	23.4	24.9	26.5	28.1	29.6	31.1
8720.0	16.0	20.2	21.7	23.4	24.9	26.5	28.0	29.6	31.1
8730.0	15.9	20.2	21.7	23.3	24.8	26.5	28.0	29.6	31.1
8740.0	15.9	20.2	21.7	23.3	24.9	26.5	28.0	29.6	31.1
8750.0	15.9	20.2	21.7	23.4	24.8	26.5	28.0	29.6	31.1
8760.0	15.9	20.2	21.7	23.3	24.8	26.5	28.0	29.6	31.1
8770.0	15.9	20.2	21.7	23.3	24.8	26.5	28.0	29.6	31.1
8780.0	15.9	20.2	21.7	23.3	24.8	26.5	28.0	29.6	31.1
8790.0	15.9	20.2	21.7	23.3	24.8	26.5	28.0	29.6	31.1
8800.0	15.9	20.2	21.7	23.3	24.8	26.5	28.0	29.6	31.1
8810.0	15.9	20.2	21.7	23.3	24.8	26.5	28.0	29.6	31.1
8820.0	15.9	20.2	21.7	23.3	24.8	26.5	28.0	29.5	31.1
8830.0	15.9	20.2	21.7	23.3	24.8	26.5	28.0	29.5	31.1
8840.0	15.9	20.2	21.7	23.3	24.8	26.5	28.0	29.5	31.1
8850.0	15.9	20.2	21.7	23.3	24.8	26.5	28.0	29.5	31.1
8860.0	15.9	20.2	21.7	23.3	24.8	26.5	28.0	29.5	31.1
