%Time (sec)	TC 0 - Near Chiller	TC 1	TC 2	TC 3	TC 4	TC 5	TC 6	TC 7 	TC 8 - Near Heater						10/10/2019	1:46 PM
0.0	16.9	16.6	16.5	16.7	16.7	16.8	16.8	16.8	17.0
10.0	16.9	16.6	16.6	16.7	16.7	16.8	16.8	16.9	17.0
20.0	16.9	16.6	16.5	16.7	16.7	16.8	16.8	16.9	17.0
30.0	16.9	16.6	16.6	16.7	16.7	16.8	16.8	16.9	17.0
40.0	16.9	16.6	16.6	16.7	16.7	16.8	16.8	16.8	17.0
50.0	16.9	16.6	16.5	16.7	16.7	16.8	16.7	16.8	17.0
60.0	16.9	16.6	16.5	16.7	16.7	16.8	16.8	16.8	17.0
70.0	16.9	16.6	16.5	16.7	16.7	16.7	16.7	16.8	17.0
80.0	16.9	16.6	16.6	16.7	16.7	16.8	16.8	16.9	17.0
90.0	16.9	16.6	16.5	16.7	16.7	16.8	16.8	16.8	17.0
100.0	16.9	16.6	16.5	16.7	16.7	16.8	16.8	16.8	17.0
110.0	16.9	16.6	16.6	16.7	16.7	16.7	16.8	16.8	17.0
120.0	17.0	16.6	16.5	16.7	16.7	16.8	16.8	16.8	17.0
130.0	17.0	16.6	16.6	16.7	16.7	16.7	16.8	16.8	17.0
140.0	17.0	16.6	16.6	16.7	16.7	16.8	16.8	16.8	17.0
150.0	16.9	16.6	16.6	16.7	16.7	16.8	16.8	16.8	17.0
160.0	16.9	16.6	16.6	16.7	16.7	16.8	16.8	16.8	17.0
170.0	17.0	16.6	16.6	16.7	16.7	16.8	16.8	16.8	17.0
180.0	16.9	16.6	16.6	16.7	16.7	16.8	16.8	16.8	17.0
190.0	16.9	16.6	16.5	16.7	16.7	16.7	16.8	16.8	17.0
200.0	16.9	16.6	16.6	16.7	16.7	16.8	16.8	16.8	17.0
210.0	16.9	16.6	16.5	16.7	16.7	16.8	16.8	16.8	17.0
220.0	16.9	16.6	16.5	16.7	16.7	16.8	16.8	16.9	17.0
230.0	16.9	16.6	16.5	16.7	16.7	16.8	16.8	16.9	17.1
240.0	16.9	16.6	16.5	16.7	16.7	16.8	16.8	17.0	17.2
250.0	16.9	16.6	16.5	16.7	16.7	16.8	16.9	17.1	17.3
260.0	16.9	16.6	16.6	16.7	16.8	16.9	17.0	17.2	17.5
270.0	16.9	16.6	16.6	16.7	16.8	17.0	17.1	17.4	17.7
280.0	16.9	16.6	16.6	16.8	16.9	17.1	17.3	17.6	18.0
290.0	17.0	16.6	16.7	16.8	17.0	17.2	17.4	17.8	18.2
300.0	17.0	16.7	16.7	16.9	17.0	17.3	17.6	18.0	18.5
310.0	17.0	16.7	16.8	17.0	17.2	17.5	17.8	18.3	18.8
320.0	17.0	16.7	16.8	17.1	17.3	17.6	18.0	18.5	19.0
330.0	17.0	16.8	16.9	17.2	17.4	17.8	18.2	18.8	19.3
340.0	16.9	16.9	17.0	17.3	17.5	18.0	18.4	19.0	19.6
350.0	16.9	16.9	17.1	17.4	17.7	18.1	18.6	19.3	19.8
360.0	16.9	17.0	17.2	17.5	17.8	18.3	18.9	19.5	20.1
370.0	17.0	17.0	17.3	17.6	18.0	18.5	19.1	19.8	20.4
380.0	17.0	17.1	17.3	17.7	18.1	18.7	19.3	20.0	20.7
390.0	17.0	17.1	17.4	17.8	18.2	18.9	19.5	20.2	20.9
400.0	17.0	17.2	17.6	18.0	18.4	19.1	19.7	20.5	21.2
410.0	17.0	17.3	17.6	18.1	18.6	19.2	19.9	20.7	21.4
420.0	17.0	17.4	17.7	18.2	18.7	19.4	20.1	21.0	21.7
430.0	17.1	17.4	17.8	18.4	18.9	19.6	20.3	21.2	21.9
440.0	17.1	17.5	18.0	18.5	19.0	19.8	20.6	21.4	22.2
450.0	17.1	17.6	18.1	18.6	19.2	20.0	20.8	21.6	22.4
460.0	17.1	17.7	18.2	18.8	19.3	20.1	21.0	21.9	22.6
470.0	17.1	17.8	18.3	18.9	19.5	20.3	21.1	22.1	22.9
480.0	17.1	17.8	18.4	19.0	19.6	20.5	21.3	22.3	23.1
490.0	17.1	17.9	18.5	19.1	19.8	20.7	21.5	22.5	23.3
500.0	17.1	18.0	18.6	19.3	19.9	20.8	21.7	22.7	23.5
510.0	17.1	18.0	18.7	19.4	20.1	21.0	21.9	22.9	23.7
520.0	17.1	18.1	18.7	19.5	20.2	21.1	22.1	23.1	23.9
530.0	17.2	18.2	18.9	19.6	20.4	21.3	22.3	23.3	24.2
540.0	17.1	18.3	18.9	19.7	20.5	21.5	22.4	23.5	24.4
550.0	17.1	18.3	19.0	19.8	20.6	21.6	22.6	23.7	24.6
560.0	17.1	18.4	19.1	19.9	20.7	21.8	22.8	23.8	24.8
570.0	17.1	18.4	19.2	20.0	20.9	21.9	22.9	24.0	24.9
580.0	17.1	18.5	19.3	20.2	21.0	22.0	23.1	24.2	25.1
590.0	17.2	18.6	19.4	20.3	21.1	22.2	23.3	24.4	25.3
600.0	17.2	18.7	19.5	20.4	21.3	22.3	23.4	24.5	25.5
610.0	17.2	18.7	19.6	20.5	21.4	22.5	23.6	24.7	25.7
620.0	17.2	18.8	19.6	20.6	21.5	22.6	23.7	24.9	25.8
630.0	17.2	18.8	19.7	20.7	21.6	22.7	23.9	25.0	26.0
640.0	17.2	18.9	19.8	20.8	21.7	22.9	24.0	25.2	26.2
650.0	17.2	19.0	19.9	20.9	21.8	23.0	24.2	25.3	26.4
660.0	17.2	19.0	20.0	21.0	21.9	23.1	24.3	25.5	26.5
670.0	17.2	19.1	20.0	21.0	22.1	23.3	24.4	25.6	26.7
680.0	17.2	19.1	20.1	21.1	22.1	23.4	24.6	25.8	26.8
690.0	17.2	19.2	20.1	21.2	22.3	23.5	24.7	25.9	27.0
700.0	17.2	19.2	20.2	21.3	22.4	23.6	24.8	26.1	27.1
710.0	17.1	19.3	20.3	21.4	22.5	23.7	25.0	26.2	27.3
720.0	17.1	19.3	20.4	21.5	22.5	23.8	25.1	26.3	27.4
730.0	17.1	19.3	20.4	21.5	22.6	23.9	25.2	26.5	27.6
740.0	17.2	19.4	20.5	21.6	22.7	24.0	25.3	26.6	27.7
750.0	17.3	19.5	20.5	21.7	22.8	24.1	25.4	26.7	27.8
760.0	17.3	19.5	20.6	21.8	22.9	24.2	25.5	26.8	27.9
770.0	17.4	19.6	20.7	21.9	23.0	24.3	25.6	26.9	28.1
780.0	17.3	19.6	20.7	21.9	23.1	24.4	25.7	27.1	28.2
790.0	17.3	19.7	20.8	22.0	23.2	24.5	25.9	27.2	28.3
800.0	17.3	19.7	20.8	22.1	23.2	24.6	26.0	27.3	28.4
810.0	17.3	19.7	20.9	22.1	23.3	24.7	26.1	27.4	28.6
820.0	17.3	19.8	21.0	22.2	23.4	24.8	26.2	27.5	28.7
830.0	17.3	19.8	21.0	22.3	23.5	24.9	26.3	27.6	28.8
840.0	17.3	19.9	21.1	22.4	23.6	25.0	26.4	27.7	28.9
850.0	17.2	19.9	21.1	22.4	23.6	25.1	26.5	27.8	29.0
860.0	17.3	19.9	21.2	22.5	23.7	25.2	26.6	27.9	29.2
870.0	17.3	20.0	21.2	22.5	23.8	25.2	26.6	28.0	29.2
880.0	17.3	20.0	21.2	22.6	23.8	25.3	26.7	28.1	29.3
890.0	17.3	20.0	21.3	22.6	23.9	25.4	26.8	28.2	29.5
900.0	17.3	20.1	21.3	22.7	24.0	25.5	26.9	28.3	29.6
910.0	17.3	20.1	21.4	22.7	24.0	25.5	27.0	28.4	29.7
920.0	17.3	20.1	21.4	22.8	24.1	25.6	27.1	28.5	29.8
930.0	17.3	20.2	21.5	22.9	24.2	25.7	27.2	28.6	29.9
940.0	17.4	20.2	21.5	22.9	24.2	25.7	27.2	28.7	29.9
950.0	17.4	20.3	21.6	23.0	24.3	25.8	27.3	28.8	30.0
960.0	17.4	20.3	21.6	23.0	24.4	25.9	27.4	28.8	30.1
970.0	17.4	20.3	21.7	23.1	24.4	25.9	27.5	28.9	30.2
980.0	17.3	20.4	21.7	23.1	24.5	26.0	27.5	29.0	30.3
990.0	17.3	20.4	21.7	23.2	24.5	26.1	27.6	29.1	30.4
1000.0	17.3	20.4	21.8	23.2	24.6	26.2	27.7	29.2	30.5
1010.0	17.3	20.4	21.8	23.3	24.7	26.2	27.8	29.2	30.6
1020.0	17.3	20.5	21.9	23.3	24.7	26.3	27.8	29.3	30.6
1030.0	17.3	20.5	21.9	23.4	24.8	26.3	27.9	29.4	30.7
1040.0	17.3	20.5	21.9	23.4	24.8	26.4	28.0	29.4	30.8
1050.0	17.3	20.5	22.0	23.5	24.9	26.5	28.0	29.5	30.9
1060.0	17.4	20.6	22.0	23.5	24.9	26.5	28.1	29.6	31.0
1070.0	17.3	20.6	22.0	23.5	25.0	26.6	28.2	29.7	31.0
1080.0	17.4	20.6	22.1	23.6	25.0	26.6	28.2	29.7	31.1
1090.0	17.4	20.7	22.1	23.6	25.1	26.7	28.3	29.8	31.2
1100.0	17.4	20.7	22.1	23.7	25.1	26.7	28.3	29.9	31.2
1110.0	17.4	20.7	22.2	23.7	25.1	26.8	28.4	29.9	31.3
1120.0	17.4	20.7	22.2	23.7	25.2	26.8	28.4	30.0	31.4
1130.0	17.4	20.8	22.2	23.8	25.3	26.9	28.5	30.0	31.4
1140.0	17.5	20.8	22.3	23.8	25.3	26.9	28.6	30.1	31.5
1150.0	17.4	20.8	22.3	23.9	25.3	27.0	28.6	30.2	31.6
1160.0	17.4	20.8	22.3	23.9	25.4	27.0	28.7	30.2	31.6
1170.0	17.4	20.9	22.4	23.9	25.4	27.1	28.7	30.3	31.7
1180.0	17.4	20.9	22.4	24.0	25.5	27.1	28.8	30.3	31.8
1190.0	17.4	20.9	22.4	24.0	25.5	27.2	28.8	30.4	31.8
1200.0	17.4	20.9	22.4	24.0	25.5	27.2	28.9	30.4	31.9
1210.0	17.4	20.9	22.5	24.1	25.6	27.3	28.9	30.5	31.9
1220.0	17.4	21.0	22.5	24.1	25.6	27.3	29.0	30.5	32.0
1230.0	17.4	21.0	22.5	24.1	25.7	27.3	29.0	30.6	32.1
1240.0	17.4	21.0	22.5	24.2	25.7	27.4	29.1	30.6	32.1
1250.0	17.4	21.0	22.6	24.2	25.7	27.4	29.1	30.7	32.2
1260.0	17.4	21.0	22.6	24.2	25.7	27.5	29.1	30.7	32.2
1270.0	17.5	21.0	22.6	24.2	25.8	27.5	29.2	30.8	32.3
1280.0	17.5	21.1	22.6	24.3	25.8	27.5	29.2	30.8	32.3
1290.0	17.5	21.1	22.7	24.3	25.9	27.6	29.3	30.9	32.4
1300.0	17.5	21.1	22.7	24.3	25.9	27.6	29.3	30.9	32.4
1310.0	17.5	21.1	22.7	24.4	25.9	27.7	29.4	31.0	32.5
1320.0	17.5	21.1	22.7	24.4	26.0	27.7	29.4	31.0	32.5
1330.0	17.5	21.2	22.8	24.4	26.0	27.7	29.4	31.0	32.5
1340.0	17.5	21.2	22.8	24.4	26.0	27.8	29.5	31.1	32.6
1350.0	17.5	21.2	22.8	24.5	26.0	27.8	29.5	31.1	32.6
1360.0	17.5	21.2	22.8	24.5	26.1	27.8	29.5	31.2	32.7
1370.0	17.5	21.2	22.8	24.5	26.1	27.9	29.6	31.2	32.7
1380.0	17.5	21.3	22.9	24.6	26.1	27.9	29.6	31.3	32.8
1390.0	17.5	21.3	22.9	24.6	26.2	27.9	29.7	31.3	32.8
1400.0	17.5	21.3	22.9	24.6	26.2	28.0	29.7	31.3	32.9
1410.0	17.6	21.3	22.9	24.6	26.2	28.0	29.7	31.4	32.9
1420.0	17.5	21.3	22.9	24.6	26.2	28.0	29.8	31.4	32.9
1430.0	17.5	21.3	23.0	24.7	26.3	28.1	29.8	31.4	33.0
1440.0	17.6	21.4	23.0	24.7	26.3	28.1	29.8	31.5	33.0
1450.0	17.5	21.4	23.0	24.7	26.3	28.1	29.9	31.5	33.1
1460.0	17.6	21.4	23.0	24.7	26.4	28.1	29.9	31.5	33.1
1470.0	17.6	21.4	23.0	24.8	26.4	28.2	29.9	31.6	33.1
1480.0	17.6	21.4	23.1	24.8	26.4	28.2	29.9	31.6	33.2
1490.0	17.6	21.4	23.1	24.8	26.4	28.2	30.0	31.6	33.2
1500.0	17.6	21.5	23.1	24.8	26.5	28.2	30.0	31.7	33.2
1510.0	17.6	21.5	23.1	24.9	26.5	28.3	30.0	31.7	33.3
1520.0	17.6	21.5	23.1	24.9	26.5	28.3	30.1	31.7	33.3
1530.0	17.6	21.5	23.2	24.9	26.5	28.3	30.1	31.8	33.4
1540.0	17.6	21.5	23.2	24.9	26.6	28.4	30.1	31.8	33.4
1550.0	17.6	21.5	23.2	24.9	26.6	28.4	30.2	31.8	33.4
1560.0	17.5	21.5	23.2	25.0	26.6	28.4	30.2	31.9	33.4
1570.0	17.5	21.5	23.2	25.0	26.6	28.4	30.2	31.9	33.5
1580.0	17.5	21.5	23.2	25.0	26.6	28.5	30.2	31.9	33.5
1590.0	17.5	21.5	23.2	25.0	26.7	28.5	30.3	31.9	33.5
1600.0	17.5	21.6	23.2	25.0	26.7	28.5	30.3	32.0	33.6
1610.0	17.6	21.6	23.2	25.0	26.7	28.5	30.3	32.0	33.6
1620.0	17.5	21.6	23.3	25.0	26.7	28.5	30.3	32.0	33.6
1630.0	17.5	21.6	23.3	25.1	26.7	28.6	30.4	32.0	33.7
1640.0	17.5	21.6	23.3	25.1	26.8	28.6	30.4	32.1	33.7
1650.0	17.5	21.6	23.3	25.1	26.8	28.6	30.4	32.1	33.7
1660.0	17.5	21.6	23.3	25.1	26.8	28.6	30.4	32.1	33.7
1670.0	17.4	21.6	23.3	25.1	26.8	28.6	30.4	32.2	33.8
1680.0	17.5	21.6	23.3	25.1	26.8	28.6	30.5	32.2	33.8
1690.0	17.5	21.6	23.3	25.1	26.8	28.7	30.5	32.2	33.8
1700.0	17.5	21.6	23.3	25.1	26.8	28.7	30.5	32.2	33.8
1710.0	17.5	21.6	23.3	25.2	26.9	28.7	30.5	32.2	33.9
1720.0	17.5	21.6	23.4	25.2	26.9	28.7	30.5	32.2	33.9
1730.0	17.5	21.6	23.4	25.2	26.9	28.7	30.5	32.3	33.9
1740.0	17.5	21.7	23.4	25.2	26.9	28.8	30.6	32.3	33.9
1750.0	17.5	21.7	23.4	25.2	26.9	28.8	30.6	32.3	34.0
1760.0	17.6	21.7	23.4	25.2	26.9	28.8	30.6	32.3	34.0
1770.0	17.5	21.7	23.4	25.2	26.9	28.8	30.6	32.4	34.0
1780.0	17.5	21.7	23.4	25.2	27.0	28.8	30.6	32.4	34.0
1790.0	17.5	21.7	23.4	25.3	27.0	28.8	30.7	32.4	34.0
1800.0	17.5	21.7	23.4	25.3	27.0	28.8	30.7	32.4	34.1
1810.0	17.5	21.7	23.4	25.3	27.0	28.9	30.7	32.4	34.1
1820.0	17.5	21.7	23.4	25.3	27.0	28.9	30.7	32.4	34.1
1830.0	17.5	21.7	23.5	25.3	27.0	28.9	30.7	32.5	34.1
1840.0	17.5	21.7	23.5	25.3	27.0	28.9	30.7	32.5	34.2
1850.0	17.5	21.7	23.5	25.3	27.0	28.9	30.8	32.5	34.2
1860.0	17.5	21.7	23.5	25.3	27.0	28.9	30.8	32.5	34.2
1870.0	17.5	21.7	23.5	25.3	27.1	29.0	30.8	32.5	34.2
1880.0	17.5	21.7	23.5	25.3	27.0	28.9	30.8	32.5	34.2
1890.0	17.6	21.8	23.5	25.3	27.1	29.0	30.8	32.6	34.2
1900.0	17.5	21.8	23.5	25.4	27.1	29.0	30.8	32.6	34.3
1910.0	17.5	21.8	23.5	25.4	27.1	29.0	30.8	32.6	34.3
1920.0	17.5	21.8	23.5	25.4	27.1	29.0	30.8	32.6	34.3
1930.0	17.6	21.8	23.5	25.4	27.1	29.0	30.8	32.6	34.3
1940.0	17.6	21.8	23.5	25.4	27.1	29.0	30.9	32.6	34.3
1950.0	17.6	21.8	23.5	25.4	27.1	29.0	30.9	32.6	34.3
1960.0	17.5	21.8	23.5	25.4	27.1	29.0	30.9	32.6	34.3
1970.0	17.5	21.8	23.5	25.4	27.1	29.1	30.9	32.7	34.4
1980.0	17.5	21.8	23.5	25.4	27.2	29.1	30.9	32.7	34.4
1990.0	17.5	21.8	23.6	25.4	27.2	29.1	30.9	32.7	34.4
2000.0	17.6	21.8	23.6	25.4	27.2	29.1	30.9	32.7	34.4
2010.0	17.6	21.8	23.6	25.4	27.2	29.1	31.0	32.7	34.4
2020.0	17.6	21.8	23.6	25.4	27.2	29.1	31.0	32.7	34.4
2030.0	17.5	21.8	23.6	25.4	27.2	29.1	31.0	32.7	34.4
2040.0	17.5	21.8	23.6	25.5	27.2	29.1	31.0	32.8	34.5
2050.0	17.5	21.8	23.6	25.5	27.2	29.1	31.0	32.8	34.5
2060.0	17.6	21.8	23.6	25.5	27.2	29.1	31.0	32.8	34.5
2070.0	17.6	21.9	23.6	25.5	27.3	29.2	31.0	32.8	34.5
2080.0	17.5	21.8	23.6	25.5	27.2	29.2	31.0	32.8	34.5
2090.0	17.6	21.8	23.6	25.5	27.3	29.2	31.0	32.8	34.5
2100.0	17.6	21.9	23.6	25.5	27.3	29.2	31.1	32.8	34.5
2110.0	17.6	21.8	23.6	25.5	27.3	29.2	31.0	32.8	34.5
2120.0	17.5	21.9	23.6	25.5	27.3	29.2	31.1	32.9	34.6
2130.0	17.6	21.8	23.6	25.5	27.3	29.2	31.1	32.9	34.6
2140.0	17.6	21.9	23.6	25.5	27.3	29.2	31.1	32.9	34.6
2150.0	17.6	21.9	23.6	25.5	27.3	29.2	31.1	32.9	34.6
2160.0	17.7	21.9	23.7	25.5	27.3	29.2	31.1	32.9	34.6
2170.0	17.7	21.9	23.6	25.5	27.3	29.2	31.1	32.9	34.6
2180.0	17.6	21.9	23.7	25.6	27.3	29.2	31.1	32.9	34.6
2190.0	17.7	21.9	23.7	25.6	27.3	29.2	31.1	32.9	34.6
2200.0	17.7	21.9	23.7	25.6	27.3	29.3	31.1	32.9	34.6
2210.0	17.6	21.9	23.7	25.6	27.3	29.3	31.1	32.9	34.7
2220.0	17.5	21.9	23.7	25.6	27.4	29.3	31.2	33.0	34.7
2230.0	17.5	21.9	23.7	25.6	27.4	29.3	31.2	32.9	34.7
2240.0	17.6	21.9	23.7	25.6	27.4	29.3	31.2	33.0	34.7
2250.0	17.6	21.9	23.7	25.6	27.4	29.3	31.2	33.0	34.7
2260.0	17.6	21.9	23.7	25.6	27.4	29.3	31.2	33.0	34.7
2270.0	17.5	21.9	23.7	25.6	27.4	29.3	31.2	33.0	34.7
2280.0	17.5	21.9	23.7	25.6	27.4	29.3	31.2	33.0	34.7
2290.0	17.6	21.9	23.7	25.6	27.4	29.3	31.2	33.0	34.7
2300.0	17.6	21.9	23.7	25.6	27.4	29.3	31.2	33.0	34.8
2310.0	17.6	21.9	23.7	25.6	27.4	29.3	31.2	33.0	34.7
2320.0	17.6	21.9	23.7	25.6	27.4	29.3	31.2	33.0	34.8
2330.0	17.6	21.9	23.7	25.6	27.4	29.3	31.2	33.0	34.8
2340.0	17.6	21.9	23.7	25.6	27.4	29.4	31.2	33.0	34.8
2350.0	17.7	21.9	23.7	25.6	27.4	29.4	31.2	33.1	34.8
2360.0	17.7	21.9	23.7	25.6	27.4	29.4	31.2	33.1	34.8
2370.0	17.6	21.9	23.7	25.6	27.4	29.4	31.3	33.1	34.8
2380.0	17.6	21.9	23.7	25.6	27.4	29.4	31.3	33.1	34.8
2390.0	17.5	21.9	23.7	25.6	27.4	29.4	31.3	33.1	34.8
2400.0	17.5	21.9	23.7	25.7	27.5	29.4	31.3	33.1	34.8
2410.0	17.6	21.9	23.7	25.6	27.4	29.4	31.3	33.1	34.8
2420.0	17.6	21.9	23.7	25.7	27.4	29.4	31.3	33.1	34.8
2430.0	17.5	21.9	23.7	25.7	27.5	29.4	31.3	33.1	34.9
2440.0	17.5	21.9	23.7	25.7	27.5	29.4	31.3	33.1	34.9
2450.0	17.5	21.9	23.7	25.7	27.5	29.4	31.3	33.1	34.9
2460.0	17.5	21.9	23.7	25.7	27.5	29.4	31.3	33.1	34.9
2470.0	17.5	21.9	23.7	25.7	27.5	29.4	31.3	33.1	34.9
2480.0	17.6	21.9	23.7	25.7	27.5	29.4	31.3	33.1	34.9
2490.0	17.6	21.9	23.8	25.7	27.5	29.4	31.3	33.1	34.9
2500.0	17.6	22.0	23.8	25.7	27.5	29.4	31.3	33.2	34.9
2510.0	17.6	22.0	23.8	25.7	27.5	29.4	31.3	33.2	34.9
2520.0	17.6	22.0	23.8	25.7	27.5	29.5	31.3	33.2	34.9
2530.0	17.6	22.0	23.8	25.7	27.5	29.4	31.3	33.2	34.9
2540.0	17.6	22.0	23.8	25.7	27.5	29.5	31.4	33.2	34.9
2550.0	17.6	22.0	23.8	25.7	27.5	29.5	31.4	33.2	34.9
2560.0	17.6	22.0	23.8	25.7	27.5	29.5	31.4	33.2	35.0
2570.0	17.6	22.0	23.8	25.7	27.5	29.5	31.4	33.2	35.0
2580.0	17.5	22.0	23.8	25.7	27.5	29.5	31.4	33.2	35.0
2590.0	17.6	22.0	23.8	25.7	27.5	29.5	31.4	33.2	35.0
2600.0	17.5	22.0	23.8	25.7	27.5	29.5	31.4	33.2	35.0
2610.0	17.5	22.0	23.8	25.7	27.5	29.5	31.4	33.2	35.0
2620.0	17.5	22.0	23.8	25.7	27.5	29.5	31.4	33.2	35.0
2630.0	17.6	22.0	23.8	25.7	27.5	29.5	31.4	33.2	35.0
2640.0	17.5	22.0	23.8	25.7	27.5	29.5	31.4	33.2	35.0
2650.0	17.6	22.0	23.8	25.7	27.5	29.5	31.4	33.2	35.0
2660.0	17.6	22.0	23.8	25.7	27.6	29.5	31.4	33.3	35.0
2670.0	17.6	22.0	23.8	25.7	27.5	29.5	31.4	33.2	35.0
2680.0	17.6	22.0	23.8	25.8	27.6	29.5	31.4	33.3	35.0
2690.0	17.6	22.0	23.8	25.7	27.6	29.5	31.4	33.2	35.0
2700.0	17.6	22.0	23.8	25.8	27.6	29.5	31.4	33.3	35.0
2710.0	17.6	22.0	23.8	25.8	27.6	29.5	31.4	33.3	35.0
2720.0	17.6	22.0	23.8	25.8	27.6	29.5	31.4	33.3	35.0
2730.0	17.5	22.0	23.8	25.8	27.6	29.5	31.4	33.3	35.0
2740.0	17.5	22.0	23.8	25.8	27.6	29.5	31.4	33.3	35.1
2750.0	17.5	22.0	23.8	25.8	27.6	29.5	31.4	33.3	35.1
2760.0	17.5	22.0	23.8	25.8	27.6	29.5	31.4	33.3	35.1
2770.0	17.6	22.0	23.8	25.8	27.6	29.6	31.5	33.3	35.1
2780.0	17.6	22.0	23.8	25.8	27.6	29.6	31.5	33.3	35.1
2790.0	17.6	22.0	23.8	25.8	27.6	29.6	31.5	33.3	35.1
2800.0	17.6	22.0	23.8	25.8	27.6	29.6	31.5	33.3	35.1
2810.0	17.6	22.0	23.8	25.8	27.6	29.6	31.5	33.3	35.1
2820.0	17.6	22.0	23.8	25.8	27.6	29.6	31.5	33.3	35.1
2830.0	17.6	22.0	23.8	25.8	27.6	29.6	31.5	33.3	35.1
2840.0	17.6	22.0	23.8	25.8	27.6	29.6	31.5	33.3	35.1
2850.0	17.6	22.0	23.9	25.8	27.6	29.6	31.5	33.3	35.1
2860.0	17.6	22.0	23.8	25.8	27.6	29.6	31.5	33.3	35.1
2870.0	17.6	22.0	23.9	25.8	27.6	29.6	31.5	33.3	35.1
2880.0	17.6	22.0	23.9	25.8	27.6	29.6	31.5	33.3	35.1
2890.0	17.6	22.0	23.9	25.8	27.6	29.6	31.5	33.3	35.1
2900.0	17.6	22.0	23.9	25.8	27.6	29.6	31.5	33.3	35.1
2910.0	17.6	22.1	23.9	25.8	27.6	29.6	31.5	33.3	35.1
2920.0	17.5	22.1	23.9	25.8	27.6	29.6	31.5	33.4	35.1
2930.0	17.5	22.0	23.9	25.8	27.6	29.6	31.5	33.3	35.1
2940.0	17.5	22.0	23.9	25.8	27.6	29.6	31.5	33.4	35.1
2950.0	17.5	22.0	23.9	25.8	27.6	29.6	31.5	33.3	35.1
2960.0	17.6	22.0	23.9	25.8	27.6	29.6	31.5	33.4	35.1
2970.0	17.6	22.0	23.9	25.8	27.6	29.6	31.5	33.4	35.2
2980.0	17.6	22.0	23.9	25.8	27.6	29.6	31.5	33.4	35.2
2990.0	17.6	22.1	23.9	25.8	27.7	29.6	31.5	33.4	35.2
3000.0	17.6	22.1	23.9	25.8	27.6	29.6	31.5	33.4	35.2
3010.0	17.6	22.1	23.9	25.8	27.6	29.6	31.5	33.4	35.2
3020.0	17.6	22.1	23.9	25.8	27.7	29.6	31.5	33.4	35.2
3030.0	17.6	22.1	23.9	25.8	27.7	29.6	31.5	33.4	35.2
3040.0	17.6	22.1	23.9	25.8	27.7	29.6	31.5	33.4	35.2
3050.0	17.6	22.1	23.9	25.8	27.7	29.6	31.5	33.4	35.2
3060.0	17.6	22.1	23.9	25.9	27.7	29.6	31.5	33.4	35.2
3070.0	17.6	22.1	23.9	25.9	27.7	29.6	31.6	33.4	35.2
3080.0	17.6	22.1	23.9	25.9	27.7	29.6	31.6	33.4	35.2
3090.0	17.6	22.1	23.9	25.8	27.7	29.7	31.6	33.4	35.2
3100.0	17.6	22.1	23.9	25.9	27.7	29.7	31.6	33.4	35.2
3110.0	17.6	22.1	23.9	25.9	27.7	29.7	31.6	33.4	35.2
3120.0	17.6	22.1	23.9	25.9	27.7	29.7	31.6	33.4	35.2
3130.0	17.6	22.1	23.9	25.9	27.7	29.7	31.6	33.4	35.2
3140.0	17.7	22.1	23.9	25.9	27.7	29.7	31.6	33.4	35.2
3150.0	17.7	22.1	23.9	25.9	27.7	29.7	31.6	33.4	35.2
3160.0	17.6	22.1	23.9	25.9	27.7	29.7	31.6	33.4	35.2
3170.0	17.6	22.1	23.9	25.9	27.7	29.7	31.6	33.4	35.2
3180.0	17.7	22.1	23.9	25.9	27.7	29.7	31.6	33.4	35.2
3190.0	17.7	22.1	23.9	25.9	27.7	29.7	31.6	33.4	35.2
3200.0	17.7	22.1	24.0	25.9	27.7	29.7	31.6	33.5	35.2
3210.0	17.6	22.1	23.9	25.9	27.7	29.7	31.6	33.5	35.2
3220.0	17.6	22.1	23.9	25.9	27.7	29.7	31.6	33.5	35.2
3230.0	17.6	22.1	23.9	25.9	27.7	29.7	31.6	33.5	35.2
3240.0	17.6	22.1	24.0	25.9	27.7	29.7	31.6	33.5	35.3
3250.0	17.5	22.1	24.0	25.9	27.7	29.7	31.6	33.5	35.3
3260.0	17.5	22.1	23.9	25.9	27.7	29.7	31.6	33.5	35.3
3270.0	17.5	22.1	24.0	25.9	27.7	29.7	31.6	33.5	35.3
3280.0	17.5	22.1	23.9	25.9	27.7	29.7	31.6	33.5	35.3
3290.0	17.5	22.1	23.9	25.9	27.7	29.7	31.6	33.5	35.3
3300.0	17.5	22.1	23.9	25.9	27.7	29.7	31.6	33.5	35.3
3310.0	17.6	22.1	24.0	25.9	27.8	29.7	31.6	33.5	35.3
3320.0	17.6	22.1	24.0	25.9	27.7	29.7	31.6	33.5	35.3
3330.0	17.6	22.1	23.9	25.9	27.7	29.7	31.6	33.5	35.3
3340.0	17.5	22.1	23.9	25.9	27.7	29.7	31.6	33.5	35.3
3350.0	17.6	22.1	24.0	25.9	27.7	29.7	31.6	33.5	35.3
3360.0	17.6	22.1	24.0	25.9	27.8	29.7	31.6	33.5	35.3
3370.0	17.6	22.1	24.0	25.9	27.8	29.7	31.7	33.5	35.3
3380.0	17.6	22.2	24.0	25.9	27.8	29.7	31.6	33.5	35.3
3390.0	17.6	22.1	24.0	25.9	27.8	29.7	31.6	33.5	35.3
3400.0	17.6	22.2	24.0	25.9	27.8	29.7	31.7	33.5	35.3
3410.0	17.6	22.1	24.0	25.9	27.8	29.7	31.7	33.5	35.3
3420.0	17.6	22.1	24.0	25.9	27.8	29.7	31.7	33.5	35.3
3430.0	17.6	22.1	24.0	25.9	27.8	29.7	31.7	33.5	35.3
3440.0	17.6	22.1	24.0	25.9	27.8	29.7	31.7	33.5	35.3
3450.0	17.6	22.1	24.0	25.9	27.8	29.7	31.7	33.5	35.3
3460.0	17.6	22.1	24.0	25.9	27.8	29.8	31.7	33.5	35.3
3470.0	17.6	22.1	24.0	25.9	27.8	29.7	31.7	33.5	35.3
3480.0	17.6	22.1	24.0	25.9	27.8	29.7	31.7	33.5	35.3
3490.0	17.6	22.1	24.0	25.9	27.8	29.8	31.7	33.5	35.3
3500.0	17.6	22.1	24.0	25.9	27.8	29.7	31.7	33.5	35.3
3510.0	17.6	22.1	24.0	25.9	27.8	29.8	31.7	33.5	35.3
3520.0	17.6	22.1	24.0	25.9	27.8	29.8	31.7	33.5	35.3
3530.0	17.6	22.2	24.0	25.9	27.8	29.8	31.7	33.5	35.3
3540.0	17.6	22.2	24.0	25.9	27.8	29.8	31.7	33.5	35.3
3550.0	17.6	22.2	24.0	25.9	27.8	29.8	31.7	33.5	35.3
3560.0	17.5	22.2	24.0	26.0	27.8	29.8	31.7	33.5	35.3
3570.0	17.5	22.1	24.0	25.9	27.8	29.8	31.7	33.5	35.4
3580.0	17.5	22.1	24.0	26.0	27.8	29.8	31.7	33.5	35.3
3590.0	17.5	22.1	24.0	25.9	27.8	29.8	31.7	33.5	35.3
3600.0	17.5	22.1	24.0	25.9	27.8	29.8	31.7	33.5	35.3
3610.0	17.5	22.1	24.0	25.9	27.8	29.8	31.7	33.5	35.3
3620.0	17.5	22.1	24.0	25.9	27.8	29.8	31.7	33.5	35.4
3630.0	17.5	22.1	24.0	25.9	27.8	29.8	31.7	33.6	35.4
3640.0	17.5	22.1	24.0	25.9	27.8	29.8	31.7	33.6	35.4
3650.0	17.5	22.1	24.0	25.9	27.8	29.8	31.7	33.6	35.4
3660.0	17.5	22.1	24.0	25.9	27.8	29.8	31.7	33.5	35.4
3670.0	17.5	22.1	24.0	25.9	27.8	29.8	31.7	33.6	35.4
3680.0	17.6	22.1	24.0	25.9	27.8	29.8	31.7	33.5	35.4
3690.0	17.6	22.1	24.0	25.9	27.8	29.8	31.7	33.6	35.4
3700.0	17.6	22.1	24.0	25.9	27.8	29.8	31.7	33.5	35.4
3710.0	17.6	22.1	24.0	25.9	27.8	29.8	31.7	33.5	35.4
3720.0	17.6	22.1	24.0	25.9	27.8	29.8	31.7	33.6	35.4
3730.0	17.6	22.1	24.0	25.9	27.8	29.8	31.7	33.6	35.4
3740.0	17.6	22.1	24.0	26.0	27.8	29.8	31.7	33.5	35.4
3750.0	17.6	22.1	24.0	25.9	27.8	29.8	31.7	33.6	35.4
3760.0	17.5	22.1	24.0	25.9	27.8	29.8	31.7	33.6	35.4
3770.0	17.5	22.1	24.0	25.9	27.8	29.8	31.7	33.6	35.4
3780.0	17.5	22.1	24.0	25.9	27.8	29.8	31.7	33.6	35.4
3790.0	17.6	22.1	24.0	25.9	27.8	29.8	31.7	33.6	35.4
3800.0	17.5	22.1	24.0	25.9	27.8	29.8	31.7	33.6	35.4
3810.0	17.5	22.1	24.0	25.9	27.8	29.8	31.7	33.6	35.4
3820.0	17.5	22.1	24.0	25.9	27.8	29.8	31.7	33.6	35.4
3830.0	17.6	22.1	24.0	25.9	27.8	29.8	31.7	33.6	35.4
3840.0	17.5	22.1	24.0	25.9	27.8	29.8	31.7	33.6	35.4
3850.0	17.5	22.1	24.0	25.9	27.8	29.8	31.7	33.6	35.4
3860.0	17.5	22.1	24.0	25.9	27.8	29.8	31.7	33.6	35.4
3870.0	17.5	22.1	24.0	25.9	27.8	29.8	31.7	33.6	35.4
3880.0	17.5	22.1	24.0	26.0	27.8	29.8	31.7	33.6	35.4
3890.0	17.5	22.1	24.0	25.9	27.8	29.8	31.7	33.6	35.4
3900.0	17.5	22.1	24.0	25.9	27.8	29.8	31.7	33.6	35.4
3910.0	17.5	22.1	24.0	26.0	27.8	29.8	31.7	33.6	35.4
3920.0	17.4	22.1	24.0	25.9	27.8	29.8	31.7	33.6	35.4
3930.0	17.4	22.1	24.0	25.9	27.8	29.8	31.7	33.6	35.4
3940.0	17.4	22.1	23.9	25.9	27.8	29.8	31.7	33.6	35.4
3950.0	17.4	22.1	23.9	25.9	27.8	29.8	31.7	33.6	35.4
3960.0	17.4	22.1	24.0	25.9	27.8	29.8	31.7	33.6	35.4
3970.0	17.5	22.1	23.9	25.9	27.8	29.8	31.7	33.6	35.4
3980.0	17.5	22.1	23.9	25.9	27.8	29.8	31.7	33.6	35.4
3990.0	17.5	22.1	23.9	25.9	27.8	29.8	31.7	33.6	35.4
4000.0	17.5	22.1	23.9	25.9	27.8	29.8	31.7	33.5	35.4
4010.0	17.5	22.1	23.9	25.9	27.8	29.8	31.7	33.6	35.4
4020.0	17.5	22.1	23.9	25.9	27.8	29.8	31.7	33.6	35.4
4030.0	17.5	22.1	24.0	25.9	27.8	29.8	31.7	33.6	35.4
4040.0	17.5	22.1	24.0	25.9	27.8	29.8	31.7	33.6	35.4
4050.0	17.5	22.1	23.9	25.9	27.8	29.8	31.7	33.6	35.4
4060.0	17.5	22.1	23.9	25.9	27.8	29.8	31.7	33.5	35.4
4070.0	17.4	22.1	24.0	25.9	27.8	29.8	31.7	33.5	35.4
4080.0	17.4	22.1	23.9	25.9	27.8	29.8	31.7	33.6	35.4
4090.0	17.4	22.1	23.9	25.9	27.8	29.8	31.7	33.5	35.4
4100.0	17.4	22.1	23.9	25.9	27.8	29.8	31.7	33.6	35.4
4110.0	17.4	22.1	23.9	25.9	27.8	29.8	31.7	33.6	35.4
4120.0	17.4	22.1	23.9	25.9	27.8	29.7	31.7	33.5	35.4
4130.0	17.4	22.1	23.9	25.9	27.8	29.7	31.7	33.6	35.4
4140.0	17.4	22.1	23.9	25.9	27.8	29.8	31.7	33.6	35.4
4150.0	17.5	22.1	23.9	25.9	27.8	29.7	31.7	33.5	35.4
4160.0	17.5	22.1	23.9	25.9	27.8	29.8	31.7	33.6	35.4
4170.0	17.5	22.1	23.9	25.9	27.8	29.8	31.7	33.6	35.4
4180.0	17.5	22.1	23.9	25.9	27.7	29.8	31.7	33.5	35.4
4190.0	17.5	22.1	23.9	25.9	27.8	29.8	31.7	33.6	35.4
4200.0	17.5	22.1	23.9	25.9	27.8	29.7	31.7	33.6	35.4
4210.0	17.6	22.1	24.0	25.9	27.8	29.8	31.7	33.6	35.4
4220.0	17.5	22.1	23.9	25.9	27.8	29.8	31.7	33.5	35.4
4230.0	17.5	22.1	23.9	25.9	27.8	29.8	31.7	33.5	35.4
4240.0	17.5	22.1	23.9	25.9	27.8	29.8	31.7	33.5	35.4
4250.0	17.5	22.1	23.9	25.9	27.8	29.8	31.7	33.5	35.4
4260.0	17.6	22.1	23.9	25.9	27.8	29.8	31.7	33.6	35.4
4270.0	17.6	22.1	23.9	25.9	27.8	29.8	31.7	33.6	35.4
4280.0	17.5	22.1	23.9	25.9	27.8	29.8	31.7	33.6	35.4
4290.0	17.5	22.1	23.9	25.9	27.8	29.8	31.7	33.5	35.4
4300.0	17.5	22.1	23.9	25.9	27.7	29.7	31.7	33.5	35.4
4310.0	17.5	22.1	23.9	25.9	27.8	29.8	31.7	33.5	35.4
4320.0	17.5	22.1	23.9	25.9	27.8	29.8	31.7	33.5	35.4
4330.0	17.6	22.1	23.9	25.9	27.8	29.8	31.7	33.5	35.4
4340.0	17.6	22.1	24.0	25.9	27.8	29.8	31.7	33.6	35.4
4350.0	17.6	22.1	24.0	25.9	27.8	29.8	31.7	33.6	35.4
4360.0	17.5	22.1	24.0	25.9	27.8	29.8	31.7	33.6	35.4
4370.0	17.5	22.1	24.0	25.9	27.8	29.8	31.7	33.6	35.4
4380.0	17.5	22.1	24.0	25.9	27.8	29.8	31.7	33.6	35.4
4390.0	17.5	22.1	24.0	25.9	27.8	29.8	31.7	33.6	35.4
4400.0	17.5	22.1	24.0	25.9	27.8	29.8	31.7	33.6	35.4
4410.0	17.5	22.1	24.0	25.9	27.8	29.8	31.7	33.6	35.4
4420.0	17.5	22.1	24.0	25.9	27.8	29.8	31.7	33.6	35.4
4430.0	17.4	22.1	24.0	25.9	27.8	29.8	31.7	33.6	35.4
4440.0	17.4	22.1	23.9	25.9	27.8	29.8	31.7	33.6	35.4
4450.0	17.4	22.1	23.9	25.9	27.8	29.8	31.7	33.6	35.4
4460.0	17.5	22.1	23.9	25.9	27.8	29.8	31.7	33.6	35.4
4470.0	17.4	22.1	23.9	25.9	27.8	29.8	31.7	33.6	35.4
4480.0	17.5	22.1	24.0	25.9	27.8	29.8	31.7	33.6	35.4
4490.0	17.5	22.1	23.9	25.9	27.8	29.8	31.7	33.6	35.4
4500.0	17.5	22.1	24.0	25.9	27.8	29.8	31.7	33.6	35.4
4510.0	17.5	22.1	23.9	25.9	27.8	29.8	31.7	33.6	35.4
4520.0	17.5	22.1	23.9	25.9	27.8	29.8	31.7	33.6	35.4
4530.0	17.5	22.1	24.0	25.9	27.8	29.8	31.7	33.6	35.4
4540.0	17.4	22.1	23.9	25.9	27.8	29.8	31.7	33.6	35.4
4550.0	17.4	22.1	23.9	25.9	27.8	29.8	31.7	33.6	35.4
4560.0	17.4	22.1	23.9	25.9	27.8	29.8	31.7	33.6	35.4
4570.0	17.4	22.1	23.9	25.9	27.8	29.8	31.7	33.6	35.4
4580.0	17.4	22.1	23.9	25.9	27.8	29.8	31.7	33.6	35.4
4590.0	17.4	22.1	23.9	25.9	27.8	29.8	31.7	33.6	35.4
4600.0	17.4	22.1	23.9	25.9	27.8	29.8	31.7	33.6	35.4
4610.0	17.4	22.1	23.9	25.9	27.8	29.8	31.7	33.6	35.4
4620.0	17.5	22.1	23.9	25.9	27.8	29.8	31.7	33.6	35.4
4630.0	17.5	22.1	23.9	25.9	27.8	29.8	31.7	33.6	35.4
4640.0	17.5	22.1	23.9	25.9	27.8	29.8	31.7	33.6	35.4
4650.0	17.5	22.1	23.9	25.9	27.8	29.8	31.7	33.6	35.4
4660.0	17.5	22.1	24.0	25.9	27.8	29.8	31.7	33.6	35.4
4670.0	17.5	22.1	24.0	25.9	27.8	29.8	31.7	33.6	35.4
4680.0	17.5	22.1	23.9	25.9	27.8	29.8	31.7	33.6	35.4
4690.0	17.5	22.1	23.9	25.9	27.8	29.8	31.7	33.6	35.4
4700.0	17.5	22.1	23.9	25.9	27.8	29.8	31.7	33.6	35.4
4710.0	17.5	22.1	23.9	25.9	27.8	29.8	31.7	33.6	35.4
4720.0	17.5	22.1	23.9	25.9	27.8	29.8	31.7	33.6	35.4
4730.0	17.4	22.1	23.9	25.9	27.8	29.8	31.7	33.6	35.4
4740.0	17.4	22.1	23.9	25.9	27.8	29.8	31.7	33.6	35.4
4750.0	17.4	22.1	23.9	25.9	27.8	29.8	31.7	33.6	35.4
4760.0	17.4	22.1	23.9	25.9	27.8	29.8	31.7	33.6	35.4
4770.0	17.4	22.1	23.9	25.9	27.8	29.7	31.7	33.6	35.4
4780.0	17.4	22.1	23.9	25.9	27.8	29.8	31.7	33.6	35.4
4790.0	17.5	22.1	23.9	25.9	27.8	29.8	31.7	33.6	35.4
4800.0	17.5	22.1	23.9	25.9	27.8	29.8	31.7	33.6	35.4
4810.0	17.5	22.1	23.9	25.9	27.8	29.8	31.7	33.6	35.4
4820.0	17.5	22.1	23.9	25.9	27.8	29.8	31.7	33.6	35.4
4830.0	17.5	22.1	23.9	25.9	27.8	29.7	31.7	33.6	35.4
4840.0	17.5	22.1	23.9	25.9	27.8	29.7	31.7	33.5	35.4
4850.0	17.5	22.1	23.9	25.9	27.8	29.8	31.7	33.5	35.4
4860.0	17.5	22.1	23.9	25.9	27.8	29.7	31.7	33.5	35.4
4870.0	17.5	22.1	24.0	25.9	27.8	29.8	31.7	33.6	35.4
4880.0	17.5	22.1	23.9	25.9	27.8	29.8	31.7	33.5	35.4
4890.0	17.5	22.1	23.9	25.9	27.8	29.8	31.7	33.5	35.4
4900.0	17.5	22.1	24.0	25.9	27.8	29.8	31.7	33.6	35.4
4910.0	17.5	22.1	24.0	25.9	27.8	29.7	31.7	33.5	35.4
4920.0	17.5	22.1	23.9	25.9	27.8	29.8	31.7	33.6	35.4
4930.0	17.5	22.1	23.9	25.9	27.8	29.8	31.7	33.6	35.4
4940.0	17.5	22.1	24.0	25.9	27.8	29.8	31.7	33.6	35.4
4950.0	17.5	22.1	24.0	25.9	27.8	29.8	31.7	33.6	35.4
4960.0	17.6	22.1	24.0	25.9	27.8	29.8	31.7	33.6	35.4
4970.0	17.6	22.1	24.0	25.9	27.8	29.8	31.7	33.6	35.4
4980.0	17.5	22.1	24.0	26.0	27.8	29.8	31.7	33.6	35.4
4990.0	17.5	22.1	24.0	26.0	27.8	29.8	31.7	33.6	35.4
5000.0	17.5	22.1	24.0	25.9	27.8	29.8	31.7	33.6	35.4
5010.0	17.5	22.1	24.0	25.9	27.8	29.8	31.7	33.6	35.4
5020.0	17.5	22.1	24.0	25.9	27.8	29.8	31.7	33.6	35.4
5030.0	17.6	22.1	24.0	25.9	27.8	29.8	31.7	33.6	35.4
5040.0	17.6	22.1	24.0	25.9	27.8	29.8	31.7	33.6	35.4
5050.0	17.6	22.1	24.0	26.0	27.8	29.8	31.7	33.6	35.4
5060.0	17.6	22.1	24.0	26.0	27.8	29.8	31.7	33.6	35.4
5070.0	17.6	22.1	24.0	26.0	27.8	29.8	31.7	33.6	35.4
5080.0	17.5	22.1	24.0	25.9	27.8	29.8	31.7	33.5	35.4
5090.0	17.5	22.1	24.0	26.0	27.8	29.8	31.7	33.6	35.4
5100.0	17.5	22.1	24.0	25.9	27.8	29.8	31.7	33.5	35.4
5110.0	17.5	22.1	24.0	26.0	27.8	29.8	31.7	33.6	35.4
5120.0	17.5	22.1	24.0	25.9	27.8	29.8	31.7	33.6	35.4
5130.0	17.4	22.1	24.0	25.9	27.8	29.8	31.7	33.6	35.4
5140.0	17.4	22.1	24.0	25.9	27.8	29.8	31.7	33.6	35.4
5150.0	17.5	22.1	24.0	25.9	27.8	29.8	31.7	33.6	35.4
5160.0	17.5	22.1	24.0	25.9	27.8	29.8	31.7	33.6	35.4
5170.0	17.5	22.1	24.0	25.9	27.8	29.8	31.7	33.6	35.4
5180.0	17.5	22.1	24.0	25.9	27.8	29.8	31.7	33.6	35.4
5190.0	17.5	22.1	24.0	25.9	27.8	29.8	31.7	33.6	35.4
5200.0	17.4	22.1	24.0	25.9	27.8	29.8	31.7	33.6	35.4
5210.0	17.4	22.1	24.0	26.0	27.8	29.8	31.7	33.6	35.4
5220.0	17.4	22.1	23.9	25.9	27.8	29.8	31.7	33.6	35.4
5230.0	17.4	22.1	23.9	25.9	27.8	29.8	31.7	33.6	35.4
5240.0	17.4	22.1	23.9	25.9	27.8	29.8	31.7	33.6	35.4
5250.0	17.4	22.1	23.9	25.9	27.8	29.8	31.7	33.6	35.4
5260.0	17.4	22.1	23.9	25.9	27.8	29.8	31.7	33.6	35.4
5270.0	17.4	22.1	23.9	25.9	27.7	29.8	31.7	33.5	35.4
5280.0	17.4	22.1	23.9	25.9	27.7	29.8	31.7	33.6	35.4
5290.0	17.4	22.0	23.9	25.9	27.7	29.7	31.7	33.6	35.4
5300.0	17.4	22.0	23.9	25.9	27.7	29.7	31.7	33.5	35.4
5310.0	17.4	22.0	23.9	25.9	27.7	29.7	31.7	33.5	35.4
5320.0	17.3	22.0	23.9	25.9	27.7	29.7	31.7	33.5	35.4
5330.0	17.4	22.0	23.9	25.9	27.7	29.7	31.7	33.5	35.4
5340.0	17.4	22.0	23.9	25.9	27.7	29.7	31.7	33.5	35.4
5350.0	17.4	22.0	23.9	25.9	27.7	29.7	31.7	33.5	35.4
5360.0	17.3	22.0	23.9	25.9	27.7	29.7	31.7	33.5	35.4
5370.0	17.3	22.0	23.9	25.9	27.7	29.7	31.7	33.5	35.4
5380.0	17.3	22.0	23.9	25.9	27.7	29.7	31.7	33.5	35.4
5390.0	17.3	22.0	23.9	25.9	27.7	29.7	31.7	33.5	35.4
5400.0	17.3	22.0	23.8	25.8	27.7	29.7	31.6	33.5	35.4
5410.0	17.3	22.0	23.8	25.8	27.7	29.7	31.6	33.5	35.4
5420.0	17.4	22.0	23.8	25.9	27.7	29.7	31.7	33.5	35.4
5430.0	17.4	22.0	23.9	25.9	27.7	29.7	31.6	33.5	35.4
5440.0	17.4	22.0	23.8	25.9	27.7	29.7	31.6	33.5	35.4
5450.0	17.4	22.0	23.9	25.8	27.7	29.7	31.6	33.5	35.4
5460.0	17.3	22.0	23.9	25.8	27.7	29.7	31.6	33.5	35.4
5470.0	17.3	22.0	23.9	25.9	27.7	29.7	31.6	33.5	35.4
5480.0	17.3	22.0	23.9	25.8	27.7	29.7	31.6	33.5	35.4
5490.0	17.3	22.0	23.8	25.8	27.7	29.7	31.6	33.5	35.4
5500.0	17.3	22.0	23.8	25.8	27.7	29.7	31.6	33.5	35.3
5510.0	17.3	22.0	23.8	25.8	27.7	29.7	31.6	33.5	35.3
5520.0	17.3	22.0	23.8	25.8	27.7	29.7	31.6	33.5	35.3
5530.0	17.4	22.0	23.8	25.8	27.7	29.7	31.6	33.5	35.4
5540.0	17.4	22.0	23.8	25.8	27.7	29.7	31.6	33.5	35.3
5550.0	17.4	22.0	23.8	25.8	27.7	29.7	31.6	33.5	35.3
5560.0	17.4	22.0	23.8	25.8	27.7	29.7	31.6	33.5	35.3
5570.0	17.4	22.0	23.8	25.8	27.7	29.7	31.6	33.5	35.3
5580.0	17.4	22.0	23.8	25.8	27.7	29.7	31.6	33.5	35.3
5590.0	17.3	22.0	23.8	25.8	27.7	29.7	31.6	33.5	35.3
5600.0	17.4	22.0	23.8	25.8	27.7	29.7	31.6	33.5	35.3
5610.0	17.4	22.0	23.8	25.8	27.7	29.7	31.6	33.5	35.3
5620.0	17.4	22.0	23.8	25.8	27.7	29.7	31.6	33.5	35.3
5630.0	17.4	22.0	23.8	25.8	27.7	29.7	31.6	33.5	35.3
5640.0	17.5	22.0	23.8	25.8	27.7	29.7	31.6	33.5	35.3
5650.0	17.4	22.0	23.8	25.8	27.7	29.7	31.6	33.5	35.3
5660.0	17.4	22.0	23.8	25.8	27.7	29.7	31.6	33.5	35.3
5670.0	17.5	22.0	23.8	25.8	27.7	29.7	31.6	33.5	35.3
5680.0	17.5	22.0	23.8	25.8	27.7	29.7	31.6	33.5	35.3
5690.0	17.5	22.0	23.8	25.8	27.7	29.7	31.6	33.5	35.3
5700.0	17.5	22.0	23.8	25.8	27.7	29.7	31.6	33.5	35.3
5710.0	17.6	22.0	23.9	25.8	27.7	29.7	31.6	33.5	35.3
5720.0	17.5	22.0	23.9	25.8	27.7	29.7	31.6	33.5	35.3
5730.0	17.5	22.0	23.9	25.8	27.7	29.7	31.6	33.5	35.3
5740.0	17.5	22.0	23.9	25.9	27.7	29.7	31.6	33.5	35.3
5750.0	17.5	22.0	23.9	25.9	27.7	29.7	31.6	33.5	35.3
5760.0	17.5	22.0	23.9	25.8	27.7	29.7	31.6	33.5	35.3
5770.0	17.4	22.0	23.9	25.8	27.7	29.7	31.6	33.5	35.3
5780.0	17.4	22.0	23.9	25.8	27.7	29.7	31.6	33.5	35.3
5790.0	17.5	22.0	23.9	25.8	27.7	29.7	31.6	33.5	35.3
5800.0	17.5	22.0	23.9	25.9	27.7	29.7	31.6	33.5	35.3
5810.0	17.5	22.0	23.9	25.8	27.7	29.7	31.6	33.5	35.3
5820.0	17.5	22.0	23.9	25.8	27.7	29.7	31.6	33.5	35.3
5830.0	17.5	22.0	23.9	25.9	27.7	29.7	31.6	33.5	35.3
5840.0	17.5	22.0	23.9	25.9	27.7	29.7	31.6	33.5	35.3
