%Time (sec)	TC 0 - Near Chiller	TC 1	TC 2	TC 3	TC 4	TC 5	TC 6	TC 7 	TC 8 - Near Heater						10/11/2019	12:26 PM
0.0	17.2	17.6	18.1	18.3	18.6	18.9	19.2	19.3	19.5
10.0	17.2	17.6	18.1	18.3	18.6	18.9	19.2	19.3	19.5
20.0	17.2	17.6	18.1	18.3	18.6	18.9	19.2	19.3	19.5
30.0	17.2	17.6	18.1	18.3	18.6	18.9	19.2	19.3	19.5
40.0	17.2	17.6	18.1	18.3	18.6	18.9	19.2	19.4	19.6
50.0	17.1	17.6	18.1	18.3	18.6	18.9	19.2	19.3	19.6
60.0	17.2	17.6	18.1	18.3	18.6	18.9	19.2	19.3	19.6
70.0	17.2	17.6	18.1	18.3	18.7	18.9	19.2	19.3	19.6
80.0	17.2	17.6	18.1	18.3	18.6	18.9	19.2	19.3	19.6
90.0	17.2	17.6	18.1	18.3	18.6	18.9	19.2	19.3	19.5
100.0	17.3	17.6	18.1	18.3	18.7	18.9	19.2	19.3	19.6
110.0	17.3	17.6	18.1	18.3	18.6	18.9	19.2	19.4	19.6
120.0	17.2	17.6	18.1	18.3	18.6	18.9	19.2	19.3	19.6
130.0	17.3	17.6	18.1	18.3	18.6	18.9	19.2	19.3	19.6
140.0	17.4	17.6	18.1	18.3	18.6	18.9	19.2	19.3	19.6
150.0	17.4	17.6	18.1	18.3	18.6	18.9	19.2	19.3	19.6
160.0	17.5	17.6	18.1	18.3	18.6	18.9	19.2	19.4	19.6
170.0	17.4	17.6	18.1	18.3	18.7	18.9	19.2	19.4	19.6
180.0	17.3	17.6	18.1	18.3	18.6	18.9	19.2	19.3	19.6
190.0	17.4	17.6	18.1	18.3	18.7	18.9	19.2	19.3	19.6
200.0	17.3	17.6	18.1	18.3	18.6	18.9	19.2	19.3	19.5
210.0	17.3	17.6	18.1	18.3	18.6	18.9	19.2	19.3	19.6
220.0	17.3	17.6	18.1	18.3	18.6	18.9	19.2	19.4	19.6
230.0	17.3	17.6	18.1	18.3	18.6	18.9	19.2	19.3	19.5
240.0	17.3	17.6	18.1	18.3	18.6	18.9	19.2	19.3	19.6
250.0	17.3	17.6	18.1	18.3	18.6	18.9	19.2	19.3	19.6
260.0	17.3	17.6	18.1	18.3	18.6	18.9	19.2	19.3	19.6
270.0	17.3	17.6	18.1	18.3	18.6	18.9	19.2	19.3	19.6
280.0	17.4	17.6	18.1	18.3	18.6	18.9	19.2	19.4	19.6
290.0	17.3	17.6	18.1	18.3	18.7	18.9	19.2	19.4	19.7
300.0	17.2	17.6	18.1	18.3	18.6	18.9	19.2	19.4	19.7
310.0	17.2	17.6	18.1	18.3	18.6	18.9	19.2	19.4	19.8
320.0	17.1	17.6	18.1	18.3	18.6	18.9	19.2	19.4	19.8
330.0	17.1	17.6	18.1	18.3	18.6	18.9	19.2	19.4	19.9
340.0	17.1	17.6	18.1	18.3	18.6	18.9	19.2	19.5	20.0
350.0	17.2	17.6	18.1	18.3	18.6	18.9	19.3	19.5	20.0
360.0	17.1	17.6	18.1	18.3	18.6	18.9	19.3	19.5	20.1
370.0	17.2	17.6	18.1	18.3	18.6	18.9	19.3	19.6	20.2
380.0	17.2	17.6	18.1	18.3	18.6	18.9	19.3	19.6	20.3
390.0	17.3	17.6	18.1	18.3	18.6	18.9	19.3	19.7	20.4
400.0	17.2	17.6	18.1	18.4	18.7	18.9	19.4	19.8	20.5
410.0	17.2	17.6	18.1	18.3	18.7	18.9	19.4	19.8	20.6
420.0	17.2	17.6	18.1	18.4	18.7	19.0	19.4	19.9	20.7
430.0	17.2	17.6	18.1	18.4	18.7	19.0	19.5	19.9	20.8
440.0	17.2	17.6	18.1	18.4	18.7	19.0	19.5	20.0	20.9
450.0	17.2	17.6	18.1	18.4	18.7	19.0	19.5	20.1	21.0
460.0	17.3	17.6	18.1	18.4	18.7	19.0	19.6	20.1	21.1
470.0	17.3	17.6	18.1	18.4	18.7	19.1	19.6	20.2	21.3
480.0	17.4	17.6	18.1	18.4	18.8	19.1	19.7	20.3	21.4
490.0	17.3	17.6	18.1	18.4	18.8	19.1	19.7	20.4	21.5
500.0	17.3	17.6	18.1	18.4	18.8	19.2	19.8	20.4	21.6
510.0	17.3	17.6	18.1	18.4	18.8	19.2	19.8	20.5	21.7
520.0	17.3	17.6	18.1	18.4	18.8	19.2	19.9	20.6	21.8
530.0	17.3	17.6	18.1	18.4	18.9	19.3	19.9	20.7	22.0
540.0	17.3	17.6	18.1	18.4	18.9	19.3	20.0	20.8	22.1
550.0	17.3	17.6	18.1	18.5	18.9	19.4	20.0	20.9	22.2
560.0	17.2	17.6	18.1	18.5	18.9	19.4	20.1	21.0	22.3
570.0	17.3	17.6	18.1	18.5	18.9	19.4	20.1	21.0	22.4
580.0	17.3	17.6	18.1	18.5	19.0	19.5	20.2	21.1	22.5
590.0	17.3	17.6	18.1	18.5	19.0	19.5	20.3	21.2	22.6
600.0	17.3	17.6	18.2	18.5	19.0	19.6	20.3	21.3	22.8
610.0	17.3	17.6	18.2	18.6	19.1	19.6	20.4	21.4	22.9
620.0	17.3	17.7	18.2	18.6	19.1	19.7	20.4	21.5	23.0
630.0	17.2	17.7	18.2	18.6	19.1	19.7	20.5	21.6	23.1
640.0	17.3	17.7	18.2	18.6	19.2	19.8	20.6	21.7	23.2
650.0	17.4	17.7	18.2	18.7	19.2	19.8	20.6	21.7	23.3
660.0	17.3	17.7	18.2	18.7	19.2	19.8	20.7	21.8	23.4
670.0	17.3	17.7	18.3	18.7	19.3	19.9	20.8	21.9	23.6
680.0	17.3	17.7	18.3	18.7	19.3	20.0	20.9	22.0	23.7
690.0	17.2	17.7	18.3	18.7	19.3	20.0	20.9	22.1	23.8
700.0	17.2	17.7	18.3	18.8	19.4	20.1	21.0	22.2	23.9
710.0	17.2	17.7	18.3	18.8	19.4	20.1	21.1	22.3	24.0
720.0	17.2	17.7	18.3	18.8	19.4	20.2	21.1	22.4	24.1
730.0	17.3	17.8	18.4	18.9	19.5	20.2	21.2	22.5	24.3
740.0	17.3	17.8	18.4	18.9	19.5	20.3	21.3	22.6	24.4
750.0	17.3	17.8	18.4	18.9	19.6	20.3	21.3	22.7	24.5
760.0	17.2	17.8	18.4	19.0	19.6	20.4	21.4	22.8	24.6
770.0	17.3	17.8	18.4	19.0	19.7	20.4	21.5	22.8	24.7
780.0	17.2	17.8	18.4	19.0	19.7	20.5	21.6	22.9	24.8
790.0	17.2	17.8	18.5	19.0	19.7	20.6	21.6	23.0	24.9
800.0	17.3	17.8	18.5	19.1	19.8	20.6	21.7	23.1	25.0
810.0	17.4	17.9	18.5	19.1	19.8	20.7	21.8	23.2	25.1
820.0	17.4	17.9	18.5	19.1	19.9	20.7	21.9	23.3	25.2
830.0	17.3	17.9	18.6	19.2	19.9	20.8	21.9	23.4	25.3
840.0	17.2	17.9	18.6	19.2	20.0	20.9	22.0	23.5	25.5
850.0	17.2	17.9	18.6	19.2	20.0	20.9	22.1	23.6	25.6
860.0	17.2	17.9	18.6	19.3	20.0	21.0	22.1	23.7	25.7
870.0	17.2	18.0	18.6	19.3	20.1	21.0	22.2	23.7	25.8
880.0	17.2	18.0	18.7	19.3	20.1	21.1	22.3	23.8	25.9
890.0	17.2	18.0	18.7	19.4	20.2	21.2	22.4	23.9	26.0
900.0	17.2	18.0	18.7	19.4	20.2	21.2	22.4	24.0	26.1
910.0	17.2	18.0	18.7	19.4	20.3	21.3	22.5	24.1	26.2
920.0	17.3	18.0	18.8	19.5	20.3	21.3	22.6	24.2	26.3
930.0	17.2	18.0	18.8	19.5	20.4	21.4	22.7	24.3	26.4
940.0	17.3	18.1	18.8	19.5	20.4	21.5	22.7	24.4	26.5
950.0	17.2	18.1	18.8	19.6	20.5	21.5	22.8	24.5	26.6
960.0	17.2	18.1	18.9	19.6	20.5	21.6	22.9	24.5	26.7
970.0	17.3	18.1	18.9	19.7	20.6	21.7	23.0	24.6	26.8
980.0	17.2	18.1	18.9	19.7	20.6	21.7	23.0	24.7	26.9
990.0	17.3	18.2	18.9	19.7	20.7	21.8	23.1	24.8	27.0
1000.0	17.3	18.2	19.0	19.8	20.7	21.8	23.2	24.9	27.1
1010.0	17.3	18.2	19.0	19.8	20.8	21.9	23.2	25.0	27.2
1020.0	17.3	18.2	19.0	19.8	20.8	22.0	23.3	25.1	27.3
1030.0	17.3	18.2	19.1	19.9	20.9	22.0	23.4	25.2	27.4
1040.0	17.3	18.3	19.1	19.9	20.9	22.1	23.5	25.2	27.5
1050.0	17.2	18.3	19.1	20.0	21.0	22.2	23.5	25.3	27.6
1060.0	17.2	18.3	19.1	20.0	21.0	22.2	23.6	25.4	27.7
1070.0	17.2	18.3	19.2	20.0	21.1	22.3	23.7	25.5	27.8
1080.0	17.2	18.3	19.2	20.1	21.1	22.3	23.8	25.6	27.9
1090.0	17.2	18.4	19.2	20.1	21.2	22.4	23.8	25.7	28.0
1100.0	17.2	18.4	19.3	20.2	21.2	22.5	23.9	25.7	28.1
1110.0	17.3	18.4	19.3	20.2	21.3	22.5	24.0	25.8	28.1
1120.0	17.3	18.4	19.3	20.2	21.3	22.6	24.0	25.9	28.2
1130.0	17.2	18.4	19.3	20.3	21.4	22.7	24.1	26.0	28.3
1140.0	17.2	18.5	19.4	20.3	21.4	22.7	24.2	26.1	28.4
1150.0	17.2	18.5	19.4	20.4	21.5	22.8	24.2	26.1	28.5
1160.0	17.2	18.5	19.4	20.4	21.5	22.8	24.3	26.2	28.6
1170.0	17.3	18.5	19.5	20.4	21.6	22.9	24.4	26.3	28.7
1180.0	17.3	18.6	19.5	20.5	21.6	23.0	24.5	26.4	28.8
1190.0	17.3	18.6	19.5	20.5	21.7	23.0	24.5	26.5	28.9
1200.0	17.3	18.6	19.5	20.6	21.7	23.1	24.6	26.5	29.0
1210.0	17.2	18.6	19.6	20.6	21.8	23.1	24.7	26.6	29.1
1220.0	17.2	18.7	19.6	20.6	21.8	23.2	24.7	26.7	29.2
1230.0	17.1	18.7	19.6	20.7	21.9	23.3	24.8	26.8	29.2
1240.0	17.2	18.7	19.7	20.7	21.9	23.3	24.9	26.9	29.3
1250.0	17.2	18.7	19.7	20.8	22.0	23.4	25.0	26.9	29.4
1260.0	17.1	18.7	19.7	20.8	22.0	23.4	25.0	27.0	29.5
1270.0	17.2	18.8	19.8	20.8	22.1	23.5	25.1	27.1	29.6
1280.0	17.2	18.8	19.8	20.9	22.1	23.6	25.1	27.2	29.7
1290.0	17.2	18.8	19.8	20.9	22.2	23.6	25.2	27.3	29.7
1300.0	17.2	18.8	19.9	21.0	22.2	23.7	25.3	27.3	29.9
1310.0	17.2	18.9	19.9	21.0	22.3	23.7	25.4	27.4	29.9
1320.0	17.3	18.9	19.9	21.0	22.3	23.8	25.4	27.5	30.0
1330.0	17.3	18.9	20.0	21.1	22.4	23.9	25.5	27.6	30.1
1340.0	17.3	18.9	20.0	21.1	22.4	23.9	25.6	27.6	30.2
1350.0	17.4	18.9	20.0	21.2	22.5	24.0	25.6	27.7	30.3
1360.0	17.4	19.0	20.0	21.2	22.5	24.0	25.7	27.8	30.3
1370.0	17.5	19.0	20.1	21.3	22.6	24.1	25.8	27.9	30.4
1380.0	17.4	19.0	20.1	21.3	22.6	24.2	25.8	27.9	30.5
1390.0	17.3	19.0	20.1	21.3	22.7	24.2	25.9	28.0	30.6
1400.0	17.4	19.1	20.2	21.4	22.7	24.3	26.0	28.1	30.7
1410.0	17.4	19.1	20.2	21.4	22.8	24.3	26.0	28.1	30.7
1420.0	17.4	19.1	20.2	21.5	22.8	24.4	26.1	28.2	30.8
1430.0	17.3	19.1	20.3	21.5	22.9	24.4	26.1	28.3	30.9
1440.0	17.4	19.2	20.3	21.6	22.9	24.5	26.2	28.4	31.0
1450.0	17.3	19.2	20.3	21.6	23.0	24.6	26.3	28.4	31.1
1460.0	17.3	19.2	20.4	21.6	23.0	24.6	26.3	28.5	31.1
1470.0	17.3	19.2	20.4	21.7	23.1	24.7	26.4	28.6	31.2
1480.0	17.3	19.2	20.4	21.7	23.1	24.7	26.5	28.7	31.3
1490.0	17.3	19.3	20.4	21.7	23.2	24.8	26.5	28.7	31.4
1500.0	17.4	19.3	20.5	21.8	23.2	24.9	26.6	28.8	31.5
1510.0	17.4	19.3	20.5	21.8	23.3	24.9	26.7	28.9	31.5
1520.0	17.4	19.3	20.5	21.9	23.3	25.0	26.7	28.9	31.6
1530.0	17.4	19.4	20.6	21.9	23.4	25.0	26.8	29.0	31.7
1540.0	17.3	19.4	20.6	21.9	23.4	25.1	26.8	29.1	31.8
1550.0	17.3	19.4	20.6	22.0	23.5	25.1	26.9	29.2	31.8
1560.0	17.4	19.4	20.7	22.0	23.5	25.2	27.0	29.2	31.9
1570.0	17.4	19.5	20.7	22.1	23.6	25.3	27.0	29.3	32.0
1580.0	17.3	19.5	20.7	22.1	23.6	25.3	27.1	29.4	32.1
1590.0	17.4	19.5	20.8	22.1	23.6	25.4	27.2	29.4	32.1
1600.0	17.3	19.5	20.8	22.2	23.7	25.4	27.2	29.5	32.2
1610.0	17.3	19.5	20.8	22.2	23.7	25.5	27.3	29.6	32.3
1620.0	17.3	19.6	20.8	22.3	23.8	25.5	27.3	29.6	32.3
1630.0	17.3	19.6	20.9	22.3	23.8	25.6	27.4	29.7	32.4
1640.0	17.3	19.6	20.9	22.3	23.9	25.6	27.5	29.8	32.5
1650.0	17.2	19.6	20.9	22.4	23.9	25.7	27.5	29.8	32.6
1660.0	17.3	19.6	21.0	22.4	24.0	25.7	27.6	29.9	32.6
1670.0	17.3	19.7	21.0	22.4	24.0	25.8	27.6	30.0	32.7
1680.0	17.3	19.7	21.0	22.5	24.1	25.8	27.7	30.0	32.8
1690.0	17.4	19.7	21.0	22.5	24.1	25.9	27.7	30.1	32.8
1700.0	17.4	19.7	21.1	22.5	24.1	25.9	27.8	30.1	32.9
1710.0	17.4	19.7	21.1	22.6	24.2	26.0	27.8	30.2	33.0
1720.0	17.4	19.8	21.1	22.6	24.2	26.1	27.9	30.3	33.1
1730.0	17.5	19.8	21.1	22.7	24.3	26.1	28.0	30.3	33.1
1740.0	17.4	19.8	21.2	22.7	24.3	26.2	28.0	30.4	33.2
1750.0	17.4	19.8	21.2	22.7	24.4	26.2	28.1	30.5	33.3
1760.0	17.3	19.9	21.2	22.8	24.4	26.3	28.2	30.5	33.3
1770.0	17.3	19.9	21.3	22.8	24.5	26.3	28.2	30.6	33.4
1780.0	17.3	19.9	21.3	22.9	24.5	26.4	28.3	30.7	33.5
1790.0	17.3	19.9	21.3	22.9	24.5	26.4	28.3	30.7	33.5
1800.0	17.3	19.9	21.4	22.9	24.6	26.5	28.4	30.8	33.6
1810.0	17.3	20.0	21.4	23.0	24.6	26.5	28.4	30.8	33.7
1820.0	17.4	20.0	21.4	23.0	24.7	26.6	28.5	30.9	33.7
1830.0	17.3	20.0	21.4	23.0	24.7	26.6	28.5	31.0	33.8
1840.0	17.4	20.0	21.5	23.1	24.8	26.7	28.6	31.0	33.9
1850.0	17.5	20.1	21.5	23.1	24.8	26.7	28.6	31.1	33.9
1860.0	17.4	20.1	21.5	23.1	24.8	26.8	28.7	31.1	34.0
1870.0	17.3	20.1	21.5	23.2	24.9	26.8	28.8	31.2	34.0
1880.0	17.4	20.1	21.6	23.2	24.9	26.9	28.8	31.3	34.1
1890.0	17.4	20.1	21.6	23.2	25.0	26.9	28.8	31.3	34.2
1900.0	17.5	20.2	21.6	23.3	25.0	27.0	28.9	31.4	34.3
1910.0	17.5	20.2	21.6	23.3	25.0	27.0	29.0	31.4	34.3
1920.0	17.4	20.2	21.7	23.3	25.1	27.0	29.0	31.5	34.4
1930.0	17.4	20.2	21.7	23.4	25.1	27.1	29.1	31.6	34.4
1940.0	17.3	20.2	21.8	23.4	25.2	27.2	29.1	31.6	34.5
1950.0	17.3	20.3	21.8	23.5	25.2	27.2	29.2	31.7	34.6
1960.0	17.2	20.3	21.8	23.5	25.3	27.2	29.2	31.7	34.6
1970.0	17.3	20.3	21.8	23.5	25.3	27.3	29.3	31.8	34.7
1980.0	17.3	20.3	21.8	23.5	25.3	27.3	29.3	31.8	34.7
1990.0	17.4	20.3	21.9	23.6	25.4	27.4	29.4	31.9	34.8
2000.0	17.4	20.3	21.9	23.6	25.4	27.4	29.4	31.9	34.8
2010.0	17.3	20.4	21.9	23.6	25.5	27.5	29.5	32.0	34.9
2020.0	17.3	20.4	22.0	23.7	25.5	27.5	29.5	32.1	35.0
2030.0	17.4	20.4	22.0	23.7	25.5	27.6	29.6	32.1	35.0
2040.0	17.3	20.4	22.0	23.8	25.6	27.6	29.6	32.2	35.1
2050.0	17.4	20.4	22.0	23.8	25.6	27.6	29.7	32.2	35.2
2060.0	17.4	20.5	22.0	23.8	25.7	27.7	29.7	32.3	35.2
2070.0	17.4	20.5	22.1	23.8	25.7	27.7	29.8	32.3	35.3
2080.0	17.4	20.5	22.1	23.9	25.7	27.8	29.8	32.4	35.3
2090.0	17.4	20.5	22.1	23.9	25.8	27.8	29.9	32.4	35.4
2100.0	17.4	20.5	22.2	24.0	25.8	27.9	29.9	32.5	35.4
2110.0	17.4	20.6	22.2	24.0	25.8	27.9	30.0	32.5	35.5
2120.0	17.5	20.6	22.2	24.0	25.9	28.0	30.0	32.6	35.5
2130.0	17.5	20.6	22.2	24.0	25.9	28.0	30.1	32.6	35.6
2140.0	17.4	20.6	22.3	24.1	26.0	28.1	30.1	32.7	35.7
2150.0	17.3	20.6	22.3	24.1	26.0	28.1	30.2	32.7	35.7
2160.0	17.4	20.6	22.3	24.1	26.0	28.1	30.2	32.8	35.8
2170.0	17.3	20.7	22.3	24.2	26.1	28.2	30.3	32.9	35.8
2180.0	17.4	20.7	22.3	24.2	26.1	28.2	30.3	32.9	35.9
2190.0	17.4	20.7	22.4	24.2	26.1	28.3	30.3	33.0	36.0
2200.0	17.4	20.7	22.4	24.2	26.2	28.3	30.4	33.0	36.0
2210.0	17.4	20.7	22.4	24.3	26.2	28.4	30.4	33.1	36.1
2220.0	17.4	20.7	22.4	24.3	26.3	28.4	30.5	33.1	36.1
2230.0	17.4	20.8	22.5	24.3	26.3	28.4	30.5	33.2	36.2
2240.0	17.4	20.8	22.5	24.4	26.3	28.5	30.6	33.2	36.2
2250.0	17.4	20.8	22.5	24.4	26.4	28.5	30.6	33.3	36.3
2260.0	17.4	20.8	22.5	24.4	26.4	28.6	30.7	33.3	36.3
2270.0	17.4	20.8	22.6	24.5	26.4	28.6	30.7	33.4	36.4
2280.0	17.4	20.8	22.6	24.5	26.5	28.6	30.7	33.4	36.4
2290.0	17.4	20.9	22.6	24.5	26.5	28.7	30.8	33.5	36.5
2300.0	17.4	20.9	22.6	24.6	26.5	28.7	30.9	33.5	36.5
2310.0	17.4	20.9	22.6	24.6	26.6	28.8	30.9	33.5	36.6
2320.0	17.4	20.9	22.7	24.6	26.6	28.8	30.9	33.6	36.6
2330.0	17.4	21.0	22.7	24.6	26.6	28.8	31.0	33.7	36.7
2340.0	17.4	20.9	22.7	24.7	26.7	28.9	31.0	33.7	36.7
2350.0	17.4	21.0	22.7	24.7	26.7	28.9	31.1	33.7	36.8
2360.0	17.4	21.0	22.8	24.7	26.7	28.9	31.1	33.8	36.8
2370.0	17.4	21.0	22.8	24.8	26.8	29.0	31.2	33.8	36.9
2380.0	17.4	21.0	22.8	24.8	26.8	29.0	31.2	33.9	36.9
2390.0	17.4	21.1	22.8	24.8	26.8	29.1	31.3	33.9	37.0
2400.0	17.4	21.1	22.9	24.8	26.9	29.1	31.3	34.0	37.0
2410.0	17.4	21.1	22.9	24.9	26.9	29.1	31.3	34.0	37.1
2420.0	17.3	21.1	22.9	24.9	26.9	29.2	31.4	34.1	37.1
2430.0	17.4	21.1	22.9	24.9	27.0	29.2	31.4	34.1	37.2
2440.0	17.3	21.1	22.9	25.0	27.0	29.3	31.4	34.2	37.2
2450.0	17.4	21.1	23.0	25.0	27.0	29.3	31.5	34.2	37.3
2460.0	17.4	21.2	23.0	25.0	27.1	29.3	31.5	34.3	37.3
2470.0	17.4	21.2	23.0	25.0	27.1	29.4	31.6	34.3	37.4
2480.0	17.4	21.2	23.0	25.1	27.1	29.4	31.6	34.3	37.4
2490.0	17.4	21.2	23.0	25.1	27.2	29.4	31.6	34.4	37.5
2500.0	17.4	21.2	23.1	25.1	27.2	29.5	31.7	34.4	37.5
2510.0	17.4	21.3	23.1	25.1	27.2	29.5	31.7	34.5	37.6
2520.0	17.4	21.3	23.1	25.2	27.3	29.6	31.8	34.5	37.6
2530.0	17.4	21.3	23.1	25.2	27.3	29.6	31.8	34.5	37.7
2540.0	17.3	21.3	23.1	25.2	27.3	29.6	31.8	34.6	37.7
2550.0	17.4	21.3	23.2	25.3	27.4	29.7	31.9	34.7	37.7
2560.0	17.4	21.3	23.2	25.3	27.4	29.7	31.9	34.7	37.8
2570.0	17.5	21.3	23.2	25.3	27.4	29.7	32.0	34.7	37.9
2580.0	17.5	21.3	23.2	25.3	27.5	29.8	32.0	34.8	37.9
2590.0	17.6	21.4	23.3	25.4	27.5	29.8	32.0	34.8	37.9
2600.0	17.5	21.4	23.3	25.4	27.5	29.8	32.1	34.9	38.0
2610.0	17.5	21.4	23.3	25.4	27.5	29.9	32.1	34.9	38.0
2620.0	17.5	21.4	23.3	25.4	27.6	29.9	32.2	34.9	38.1
2630.0	17.4	21.4	23.3	25.5	27.6	29.9	32.2	35.0	38.1
2640.0	17.3	21.4	23.4	25.5	27.6	30.0	32.2	35.0	38.1
2650.0	17.3	21.5	23.4	25.5	27.7	30.0	32.3	35.1	38.2
2660.0	17.4	21.5	23.4	25.5	27.7	30.0	32.3	35.1	38.2
2670.0	17.4	21.5	23.4	25.6	27.7	30.1	32.3	35.1	38.3
2680.0	17.4	21.5	23.4	25.6	27.8	30.1	32.4	35.2	38.3
2690.0	17.3	21.5	23.4	25.6	27.8	30.2	32.4	35.2	38.4
2700.0	17.4	21.5	23.5	25.6	27.8	30.2	32.5	35.3	38.4
2710.0	17.4	21.5	23.5	25.6	27.8	30.2	32.5	35.3	38.4
2720.0	17.3	21.6	23.5	25.7	27.9	30.3	32.5	35.3	38.5
2730.0	17.4	21.6	23.5	25.7	27.9	30.3	32.6	35.4	38.5
2740.0	17.4	21.6	23.5	25.7	27.9	30.3	32.6	35.4	38.6
2750.0	17.3	21.6	23.6	25.8	28.0	30.3	32.6	35.5	38.6
2760.0	17.3	21.6	23.6	25.8	28.0	30.4	32.7	35.5	38.7
2770.0	17.3	21.6	23.6	25.8	28.0	30.4	32.7	35.5	38.7
2780.0	17.4	21.6	23.6	25.8	28.0	30.4	32.7	35.6	38.7
2790.0	17.3	21.6	23.6	25.8	28.1	30.5	32.8	35.6	38.8
2800.0	17.3	21.6	23.6	25.9	28.1	30.5	32.8	35.6	38.8
2810.0	17.3	21.7	23.7	25.9	28.1	30.5	32.8	35.7	38.9
2820.0	17.3	21.7	23.7	25.9	28.1	30.6	32.9	35.7	38.9
2830.0	17.3	21.7	23.7	25.9	28.2	30.6	32.9	35.8	38.9
2840.0	17.4	21.7	23.7	26.0	28.2	30.6	32.9	35.8	39.0
2850.0	17.3	21.7	23.7	26.0	28.2	30.7	33.0	35.8	39.0
2860.0	17.4	21.7	23.8	26.0	28.3	30.7	33.0	35.9	39.1
2870.0	17.4	21.7	23.8	26.0	28.3	30.7	33.0	35.9	39.1
2880.0	17.3	21.8	23.8	26.0	28.3	30.8	33.1	35.9	39.1
2890.0	17.3	21.8	23.8	26.1	28.3	30.8	33.1	36.0	39.2
2900.0	17.3	21.8	23.8	26.1	28.4	30.8	33.2	36.0	39.2
2910.0	17.4	21.8	23.8	26.1	28.4	30.8	33.2	36.1	39.3
2920.0	17.4	21.8	23.8	26.1	28.4	30.9	33.2	36.1	39.3
2930.0	17.4	21.8	23.9	26.2	28.4	30.9	33.3	36.1	39.3
2940.0	17.4	21.8	23.9	26.2	28.5	30.9	33.3	36.2	39.4
2950.0	17.4	21.8	23.9	26.2	28.5	31.0	33.3	36.2	39.4
2960.0	17.2	21.9	23.9	26.2	28.5	31.0	33.3	36.2	39.5
2970.0	17.3	21.9	23.9	26.2	28.5	31.0	33.4	36.3	39.5
2980.0	17.3	21.9	23.9	26.2	28.6	31.1	33.4	36.3	39.5
2990.0	17.3	21.9	24.0	26.3	28.6	31.1	33.4	36.3	39.6
3000.0	17.4	21.9	24.0	26.3	28.6	31.1	33.5	36.4	39.6
3010.0	17.4	21.9	24.0	26.3	28.6	31.1	33.5	36.4	39.6
3020.0	17.3	21.9	24.0	26.3	28.7	31.2	33.5	36.4	39.7
3030.0	17.3	21.9	24.0	26.4	28.7	31.2	33.6	36.5	39.7
3040.0	17.4	21.9	24.0	26.4	28.7	31.2	33.6	36.5	39.7
3050.0	17.4	21.9	24.1	26.4	28.7	31.3	33.6	36.5	39.8
3060.0	17.3	22.0	24.1	26.4	28.8	31.3	33.6	36.6	39.8
3070.0	17.3	22.0	24.1	26.4	28.8	31.3	33.7	36.6	39.9
3080.0	17.3	22.0	24.1	26.5	28.8	31.3	33.7	36.7	39.9
3090.0	17.3	22.0	24.1	26.5	28.8	31.4	33.7	36.7	39.9
3100.0	17.4	22.0	24.1	26.5	28.9	31.4	33.8	36.7	40.0
3110.0	17.3	22.0	24.2	26.5	28.9	31.4	33.8	36.8	40.0
3120.0	17.4	22.0	24.2	26.5	28.9	31.4	33.8	36.8	40.0
3130.0	17.3	22.0	24.2	26.6	28.9	31.5	33.9	36.8	40.1
3140.0	17.3	22.0	24.2	26.6	28.9	31.5	33.9	36.8	40.1
3150.0	17.4	22.1	24.2	26.6	29.0	31.5	33.9	36.9	40.1
3160.0	17.4	22.1	24.2	26.6	29.0	31.6	33.9	36.9	40.2
3170.0	17.3	22.1	24.2	26.6	29.0	31.6	34.0	36.9	40.2
3180.0	17.5	22.1	24.3	26.6	29.0	31.6	34.0	37.0	40.2
3190.0	17.4	22.1	24.3	26.7	29.1	31.6	34.0	37.0	40.3
3200.0	17.4	22.1	24.3	26.7	29.1	31.7	34.1	37.0	40.3
3210.0	17.4	22.1	24.3	26.7	29.1	31.7	34.1	37.0	40.3
3220.0	17.5	22.2	24.3	26.7	29.1	31.7	34.1	37.1	40.4
3230.0	17.4	22.2	24.3	26.7	29.1	31.7	34.1	37.1	40.4
3240.0	17.4	22.2	24.4	26.8	29.2	31.8	34.2	37.2	40.4
3250.0	17.4	22.2	24.4	26.8	29.2	31.8	34.2	37.2	40.5
3260.0	17.5	22.2	24.4	26.8	29.2	31.8	34.2	37.2	40.5
3270.0	17.4	22.2	24.4	26.8	29.2	31.8	34.3	37.2	40.5
3280.0	17.4	22.2	24.4	26.8	29.3	31.9	34.3	37.3	40.6
3290.0	17.4	22.2	24.4	26.9	29.3	31.9	34.3	37.3	40.6
3300.0	17.4	22.2	24.4	26.9	29.3	31.9	34.3	37.3	40.6
3310.0	17.4	22.2	24.5	26.9	29.3	31.9	34.4	37.3	40.6
3320.0	17.5	22.3	24.5	26.9	29.3	31.9	34.4	37.4	40.7
3330.0	17.6	22.3	24.5	26.9	29.4	32.0	34.4	37.4	40.7
3340.0	17.5	22.3	24.5	27.0	29.4	32.0	34.4	37.4	40.7
3350.0	17.5	22.3	24.5	27.0	29.4	32.0	34.5	37.5	40.8
3360.0	17.5	22.3	24.5	27.0	29.4	32.1	34.5	37.5	40.8
3370.0	17.3	22.3	24.5	27.0	29.4	32.1	34.5	37.5	40.8
3380.0	17.4	22.3	24.5	27.0	29.5	32.1	34.6	37.6	40.9
3390.0	17.4	22.4	24.6	27.0	29.5	32.1	34.6	37.6	40.9
3400.0	17.5	22.4	24.6	27.1	29.5	32.1	34.6	37.6	40.9
3410.0	17.4	22.4	24.6	27.1	29.5	32.2	34.6	37.6	41.0
3420.0	17.4	22.4	24.6	27.1	29.6	32.2	34.7	37.7	41.0
3430.0	17.4	22.4	24.6	27.1	29.6	32.2	34.7	37.7	41.0
3440.0	17.4	22.4	24.6	27.1	29.6	32.2	34.7	37.7	41.0
3450.0	17.5	22.4	24.6	27.1	29.6	32.2	34.7	37.7	41.1
3460.0	17.4	22.4	24.7	27.2	29.6	32.3	34.7	37.8	41.1
3470.0	17.4	22.4	24.7	27.2	29.7	32.3	34.8	37.8	41.1
3480.0	17.4	22.4	24.7	27.2	29.7	32.3	34.8	37.8	41.2
3490.0	17.4	22.4	24.7	27.2	29.7	32.4	34.8	37.9	41.2
3500.0	17.4	22.4	24.7	27.2	29.7	32.4	34.9	37.9	41.2
3510.0	17.5	22.5	24.7	27.3	29.7	32.4	34.9	37.9	41.3
3520.0	17.4	22.5	24.7	27.3	29.7	32.4	34.9	37.9	41.3
3530.0	17.4	22.5	24.8	27.3	29.8	32.5	34.9	38.0	41.3
3540.0	17.5	22.5	24.8	27.3	29.8	32.5	34.9	38.0	41.3
3550.0	17.4	22.5	24.8	27.3	29.8	32.5	35.0	38.0	41.4
3560.0	17.4	22.5	24.8	27.3	29.8	32.5	35.0	38.0	41.4
3570.0	17.4	22.5	24.8	27.3	29.8	32.5	35.0	38.1	41.4
3580.0	17.6	22.6	24.8	27.4	29.9	32.6	35.1	38.1	41.5
3590.0	17.5	22.6	24.8	27.4	29.9	32.6	35.1	38.1	41.5
3600.0	17.4	22.6	24.9	27.4	29.9	32.6	35.1	38.1	41.5
3610.0	17.4	22.6	24.9	27.4	29.9	32.6	35.1	38.2	41.5
3620.0	17.5	22.6	24.9	27.4	29.9	32.6	35.1	38.2	41.6
3630.0	17.5	22.6	24.9	27.4	30.0	32.7	35.2	38.2	41.6
3640.0	17.4	22.6	24.9	27.5	30.0	32.7	35.2	38.3	41.6
3650.0	17.5	22.6	24.9	27.5	30.0	32.7	35.2	38.3	41.6
3660.0	17.5	22.6	24.9	27.5	30.0	32.7	35.2	38.3	41.7
3670.0	17.5	22.6	24.9	27.5	30.0	32.8	35.3	38.3	41.7
3680.0	17.4	22.6	24.9	27.5	30.0	32.8	35.3	38.3	41.7
3690.0	17.4	22.6	25.0	27.5	30.1	32.8	35.3	38.4	41.7
3700.0	17.5	22.7	25.0	27.5	30.1	32.8	35.3	38.4	41.8
3710.0	17.5	22.7	25.0	27.6	30.1	32.8	35.3	38.4	41.8
3720.0	17.5	22.7	25.0	27.6	30.1	32.9	35.4	38.5	41.8
3730.0	17.6	22.7	25.0	27.6	30.1	32.9	35.4	38.5	41.9
3740.0	17.6	22.7	25.0	27.6	30.2	32.9	35.4	38.5	41.9
3750.0	17.5	22.7	25.0	27.6	30.2	32.9	35.4	38.5	41.9
3760.0	17.5	22.7	25.0	27.6	30.2	32.9	35.5	38.5	41.9
3770.0	17.4	22.7	25.1	27.6	30.2	33.0	35.5	38.6	41.9
3780.0	17.4	22.7	25.1	27.7	30.2	33.0	35.5	38.6	42.0
3790.0	17.4	22.7	25.1	27.7	30.2	33.0	35.5	38.6	42.0
3800.0	17.4	22.7	25.1	27.7	30.3	33.0	35.5	38.6	42.0
3810.0	17.4	22.8	25.1	27.7	30.3	33.0	35.6	38.7	42.1
3820.0	17.5	22.8	25.1	27.7	30.3	33.0	35.6	38.7	42.1
3830.0	17.6	22.8	25.1	27.7	30.3	33.1	35.6	38.7	42.1
3840.0	17.5	22.8	25.2	27.8	30.3	33.1	35.6	38.8	42.1
3850.0	17.5	22.8	25.2	27.8	30.3	33.1	35.7	38.8	42.1
3860.0	17.4	22.8	25.2	27.8	30.4	33.1	35.7	38.8	42.2
3870.0	17.5	22.8	25.2	27.8	30.4	33.1	35.7	38.8	42.2
3880.0	17.5	22.8	25.2	27.8	30.4	33.2	35.7	38.8	42.2
3890.0	17.4	22.8	25.2	27.8	30.4	33.2	35.7	38.8	42.2
3900.0	17.4	22.8	25.2	27.8	30.4	33.2	35.8	38.9	42.3
3910.0	17.4	22.8	25.2	27.9	30.5	33.2	35.8	38.9	42.3
3920.0	17.4	22.9	25.2	27.9	30.5	33.2	35.8	38.9	42.3
3930.0	17.4	22.9	25.3	27.9	30.5	33.3	35.8	38.9	42.3
3940.0	17.4	22.9	25.3	27.9	30.5	33.3	35.8	39.0	42.3
3950.0	17.4	22.9	25.3	27.9	30.5	33.3	35.9	39.0	42.4
3960.0	17.5	22.9	25.3	27.9	30.5	33.3	35.9	39.0	42.4
3970.0	17.5	22.9	25.3	27.9	30.5	33.3	35.9	39.0	42.4
3980.0	17.5	22.9	25.3	27.9	30.6	33.3	35.9	39.0	42.5
3990.0	17.5	22.9	25.3	28.0	30.6	33.4	35.9	39.1	42.5
4000.0	17.5	22.9	25.3	28.0	30.6	33.4	35.9	39.1	42.5
4010.0	17.5	22.9	25.3	28.0	30.6	33.4	36.0	39.1	42.5
4020.0	17.4	22.9	25.4	28.0	30.6	33.4	36.0	39.1	42.5
4030.0	17.5	22.9	25.4	28.0	30.6	33.5	36.0	39.1	42.6
4040.0	17.5	23.0	25.4	28.0	30.7	33.5	36.0	39.2	42.6
4050.0	17.5	23.0	25.4	28.0	30.7	33.5	36.0	39.2	42.6
4060.0	17.5	23.0	25.4	28.0	30.7	33.5	36.1	39.2	42.6
4070.0	17.5	23.0	25.4	28.1	30.7	33.5	36.1	39.2	42.6
4080.0	17.5	23.0	25.4	28.1	30.7	33.5	36.1	39.3	42.7
4090.0	17.5	23.0	25.4	28.1	30.7	33.5	36.1	39.3	42.7
4100.0	17.4	23.0	25.4	28.1	30.8	33.6	36.1	39.3	42.7
4110.0	17.4	23.0	25.4	28.1	30.8	33.6	36.2	39.3	42.7
4120.0	17.4	23.0	25.4	28.1	30.8	33.6	36.2	39.3	42.7
4130.0	17.4	23.0	25.4	28.1	30.8	33.6	36.2	39.3	42.8
4140.0	17.5	23.0	25.5	28.2	30.8	33.6	36.2	39.4	42.8
4150.0	17.5	23.0	25.5	28.2	30.8	33.6	36.2	39.4	42.8
4160.0	17.5	23.1	25.5	28.2	30.8	33.7	36.2	39.4	42.8
4170.0	17.4	23.1	25.5	28.2	30.9	33.7	36.3	39.4	42.9
4180.0	17.5	23.1	25.5	28.2	30.9	33.7	36.3	39.5	42.9
4190.0	17.5	23.1	25.5	28.2	30.9	33.7	36.3	39.5	42.9
4200.0	17.5	23.1	25.5	28.2	30.9	33.7	36.3	39.5	42.9
4210.0	17.5	23.1	25.5	28.3	30.9	33.7	36.3	39.5	43.0
4220.0	17.5	23.1	25.5	28.3	30.9	33.8	36.4	39.5	43.0
4230.0	17.5	23.1	25.6	28.3	30.9	33.8	36.4	39.6	43.0
4240.0	17.5	23.1	25.6	28.3	31.0	33.8	36.4	39.6	43.0
4250.0	17.5	23.1	25.6	28.3	31.0	33.8	36.4	39.6	43.0
4260.0	17.5	23.1	25.6	28.3	31.0	33.8	36.4	39.6	43.1
4270.0	17.5	23.1	25.6	28.3	31.0	33.9	36.4	39.6	43.1
4280.0	17.5	23.2	25.6	28.3	31.0	33.9	36.5	39.7	43.1
4290.0	17.5	23.2	25.6	28.3	31.0	33.9	36.5	39.7	43.1
4300.0	17.4	23.2	25.6	28.4	31.0	33.9	36.5	39.7	43.1
4310.0	17.4	23.2	25.6	28.4	31.1	33.9	36.5	39.7	43.2
4320.0	17.4	23.2	25.7	28.4	31.1	33.9	36.5	39.7	43.2
4330.0	17.4	23.2	25.7	28.4	31.1	33.9	36.5	39.7	43.2
4340.0	17.4	23.2	25.7	28.4	31.1	34.0	36.6	39.8	43.2
4350.0	17.4	23.2	25.7	28.4	31.1	34.0	36.6	39.8	43.2
4360.0	17.4	23.2	25.7	28.4	31.1	34.0	36.6	39.8	43.3
4370.0	17.3	23.2	25.7	28.4	31.1	34.0	36.6	39.8	43.3
4380.0	17.3	23.2	25.7	28.5	31.1	34.0	36.6	39.8	43.3
4390.0	17.4	23.2	25.7	28.5	31.2	34.0	36.7	39.9	43.3
4400.0	17.5	23.2	25.7	28.5	31.2	34.1	36.7	39.9	43.3
4410.0	17.4	23.2	25.7	28.5	31.2	34.1	36.7	39.9	43.3
4420.0	17.5	23.2	25.7	28.5	31.2	34.1	36.7	39.9	43.4
4430.0	17.5	23.2	25.8	28.5	31.2	34.1	36.7	39.9	43.4
4440.0	17.5	23.3	25.8	28.5	31.2	34.1	36.7	39.9	43.4
4450.0	17.4	23.3	25.8	28.5	31.2	34.1	36.8	40.0	43.4
4460.0	17.4	23.3	25.8	28.6	31.3	34.1	36.8	40.0	43.4
4470.0	17.5	23.3	25.8	28.6	31.3	34.2	36.8	40.0	43.5
4480.0	17.5	23.3	25.8	28.6	31.3	34.2	36.8	40.0	43.5
4490.0	17.5	23.3	25.8	28.6	31.3	34.2	36.8	40.0	43.5
4500.0	17.5	23.3	25.8	28.6	31.3	34.2	36.8	40.0	43.5
4510.0	17.5	23.3	25.8	28.6	31.3	34.2	36.8	40.1	43.5
4520.0	17.4	23.3	25.8	28.6	31.3	34.2	36.9	40.1	43.6
4530.0	17.4	23.3	25.8	28.6	31.3	34.2	36.9	40.1	43.6
4540.0	17.4	23.3	25.8	28.6	31.4	34.2	36.9	40.1	43.6
4550.0	17.4	23.3	25.9	28.6	31.4	34.3	36.9	40.1	43.6
4560.0	17.4	23.3	25.9	28.7	31.4	34.3	36.9	40.1	43.6
4570.0	17.3	23.3	25.9	28.6	31.4	34.3	36.9	40.1	43.6
4580.0	17.3	23.3	25.9	28.7	31.4	34.3	37.0	40.2	43.7
4590.0	17.4	23.3	25.9	28.7	31.4	34.3	37.0	40.2	43.7
4600.0	17.4	23.3	25.9	28.7	31.4	34.3	37.0	40.2	43.7
4610.0	17.5	23.3	25.9	28.7	31.4	34.4	37.0	40.2	43.7
4620.0	17.5	23.4	25.9	28.7	31.5	34.4	37.0	40.2	43.7
4630.0	17.5	23.4	25.9	28.7	31.5	34.4	37.0	40.2	43.7
4640.0	17.5	23.4	25.9	28.7	31.5	34.4	37.0	40.3	43.8
4650.0	17.5	23.4	25.9	28.7	31.5	34.4	37.1	40.3	43.8
4660.0	17.5	23.4	25.9	28.7	31.5	34.4	37.1	40.3	43.8
4670.0	17.4	23.4	26.0	28.8	31.5	34.4	37.1	40.3	43.8
4680.0	17.4	23.4	25.9	28.8	31.5	34.4	37.1	40.3	43.8
4690.0	17.4	23.4	25.9	28.8	31.5	34.4	37.1	40.3	43.8
4700.0	17.4	23.4	26.0	28.8	31.5	34.5	37.1	40.4	43.9
4710.0	17.5	23.4	26.0	28.8	31.6	34.5	37.1	40.4	43.9
4720.0	17.6	23.4	26.0	28.8	31.6	34.5	37.2	40.4	43.9
4730.0	17.6	23.4	26.0	28.8	31.6	34.5	37.2	40.4	43.9
4740.0	17.5	23.4	26.0	28.8	31.6	34.5	37.2	40.4	43.9
4750.0	17.5	23.4	26.0	28.8	31.6	34.5	37.2	40.4	43.9
4760.0	17.5	23.4	26.0	28.8	31.6	34.5	37.2	40.5	44.0
4770.0	17.5	23.4	26.0	28.8	31.6	34.6	37.2	40.5	44.0
4780.0	17.5	23.4	26.0	28.9	31.6	34.6	37.2	40.5	44.0
4790.0	17.5	23.4	26.0	28.9	31.6	34.6	37.2	40.5	44.0
4800.0	17.5	23.5	26.0	28.9	31.7	34.6	37.3	40.5	44.0
4810.0	17.5	23.5	26.0	28.9	31.6	34.6	37.3	40.5	44.0
4820.0	17.5	23.5	26.0	28.9	31.7	34.6	37.3	40.5	44.0
4830.0	17.5	23.5	26.1	28.9	31.7	34.6	37.3	40.6	44.1
4840.0	17.4	23.5	26.1	28.9	31.7	34.6	37.3	40.6	44.1
4850.0	17.5	23.5	26.1	28.9	31.7	34.7	37.3	40.6	44.1
4860.0	17.5	23.5	26.1	28.9	31.7	34.7	37.3	40.6	44.1
4870.0	17.5	23.5	26.1	28.9	31.7	34.7	37.4	40.6	44.1
4880.0	17.4	23.5	26.1	28.9	31.7	34.7	37.4	40.6	44.1
4890.0	17.4	23.5	26.1	29.0	31.7	34.7	37.4	40.6	44.2
4900.0	17.5	23.5	26.1	29.0	31.7	34.7	37.4	40.7	44.2
4910.0	17.4	23.5	26.1	29.0	31.8	34.7	37.4	40.7	44.2
4920.0	17.4	23.5	26.1	29.0	31.8	34.7	37.4	40.7	44.2
4930.0	17.4	23.5	26.1	29.0	31.8	34.7	37.4	40.7	44.2
4940.0	17.3	23.5	26.1	29.0	31.8	34.8	37.4	40.7	44.2
4950.0	17.3	23.5	26.1	29.0	31.8	34.8	37.4	40.7	44.2
4960.0	17.4	23.5	26.1	29.0	31.8	34.8	37.5	40.7	44.3
4970.0	17.5	23.5	26.2	29.0	31.8	34.8	37.5	40.7	44.3
4980.0	17.5	23.5	26.1	29.0	31.8	34.8	37.5	40.8	44.3
4990.0	17.6	23.6	26.2	29.0	31.8	34.8	37.5	40.8	44.3
5000.0	17.5	23.6	26.2	29.0	31.8	34.8	37.5	40.8	44.3
5010.0	17.7	23.6	26.2	29.1	31.9	34.8	37.5	40.8	44.3
5020.0	17.6	23.6	26.2	29.1	31.9	34.8	37.5	40.8	44.3
5030.0	17.5	23.6	26.2	29.1	31.9	34.8	37.5	40.8	44.4
5040.0	17.4	23.6	26.2	29.1	31.9	34.9	37.6	40.8	44.4
5050.0	17.4	23.6	26.2	29.1	31.9	34.9	37.6	40.8	44.4
5060.0	17.5	23.6	26.2	29.1	31.9	34.9	37.6	40.9	44.4
5070.0	17.5	23.6	26.2	29.1	31.9	34.9	37.6	40.9	44.4
5080.0	17.4	23.6	26.2	29.1	31.9	34.9	37.6	40.9	44.4
5090.0	17.4	23.6	26.2	29.1	31.9	34.9	37.6	40.9	44.4
5100.0	17.4	23.6	26.2	29.1	31.9	34.9	37.6	40.9	44.5
5110.0	17.4	23.6	26.2	29.1	31.9	34.9	37.6	40.9	44.5
5120.0	17.5	23.6	26.2	29.1	32.0	35.0	37.7	40.9	44.5
5130.0	17.5	23.6	26.2	29.2	32.0	35.0	37.7	41.0	44.5
5140.0	17.5	23.6	26.3	29.2	32.0	35.0	37.7	41.0	44.5
5150.0	17.5	23.6	26.3	29.2	32.0	35.0	37.7	41.0	44.5
5160.0	17.4	23.7	26.3	29.2	32.0	35.0	37.7	41.0	44.5
5170.0	17.5	23.7	26.3	29.2	32.0	35.0	37.7	41.0	44.6
5180.0	17.5	23.7	26.3	29.2	32.0	35.0	37.7	41.0	44.6
5190.0	17.5	23.7	26.3	29.2	32.0	35.0	37.7	41.0	44.6
5200.0	17.5	23.7	26.3	29.2	32.0	35.0	37.7	41.0	44.6
5210.0	17.5	23.7	26.3	29.2	32.0	35.0	37.8	41.1	44.6
5220.0	17.5	23.7	26.3	29.2	32.1	35.1	37.8	41.1	44.6
5230.0	17.5	23.7	26.3	29.2	32.1	35.1	37.8	41.1	44.6
5240.0	17.5	23.7	26.3	29.2	32.1	35.1	37.8	41.1	44.6
5250.0	17.5	23.7	26.3	29.2	32.1	35.1	37.8	41.1	44.6
5260.0	17.5	23.7	26.3	29.2	32.1	35.1	37.8	41.1	44.7
5270.0	17.6	23.7	26.3	29.3	32.1	35.1	37.8	41.1	44.7
5280.0	17.5	23.7	26.4	29.3	32.1	35.1	37.8	41.1	44.7
5290.0	17.4	23.7	26.4	29.3	32.1	35.1	37.8	41.1	44.7
5300.0	17.5	23.7	26.4	29.3	32.1	35.1	37.9	41.2	44.7
5310.0	17.6	23.7	26.4	29.3	32.1	35.1	37.9	41.2	44.7
5320.0	17.5	23.7	26.4	29.3	32.1	35.2	37.9	41.2	44.7
5330.0	17.5	23.7	26.4	29.3	32.1	35.2	37.9	41.2	44.7
5340.0	17.5	23.7	26.4	29.3	32.2	35.2	37.9	41.2	44.8
5350.0	17.5	23.7	26.4	29.3	32.2	35.2	37.9	41.2	44.8
5360.0	17.5	23.7	26.4	29.3	32.2	35.2	37.9	41.2	44.8
5370.0	17.5	23.7	26.4	29.3	32.2	35.2	37.9	41.2	44.8
5380.0	17.5	23.8	26.4	29.3	32.2	35.2	37.9	41.2	44.8
5390.0	17.4	23.8	26.4	29.3	32.2	35.2	37.9	41.3	44.8
5400.0	17.4	23.8	26.4	29.4	32.2	35.2	38.0	41.3	44.8
5410.0	17.4	23.8	26.4	29.4	32.2	35.3	38.0	41.3	44.8
5420.0	17.4	23.8	26.4	29.4	32.2	35.3	38.0	41.3	44.9
5430.0	17.3	23.8	26.4	29.4	32.2	35.3	38.0	41.3	44.9
5440.0	17.3	23.8	26.4	29.4	32.2	35.3	38.0	41.3	44.9
5450.0	17.4	23.8	26.5	29.4	32.2	35.3	38.0	41.3	44.9
5460.0	17.4	23.8	26.5	29.4	32.3	35.3	38.0	41.3	44.9
5470.0	17.5	23.8	26.5	29.4	32.3	35.3	38.0	41.3	44.9
5480.0	17.4	23.8	26.5	29.4	32.3	35.3	38.0	41.4	44.9
5490.0	17.5	23.8	26.5	29.4	32.3	35.3	38.0	41.4	44.9
5500.0	17.5	23.8	26.5	29.4	32.3	35.3	38.1	41.4	44.9
5510.0	17.5	23.8	26.5	29.4	32.3	35.3	38.1	41.4	45.0
5520.0	17.5	23.8	26.5	29.4	32.3	35.3	38.1	41.4	45.0
5530.0	17.5	23.8	26.5	29.4	32.3	35.3	38.1	41.4	45.0
5540.0	17.5	23.8	26.5	29.4	32.3	35.4	38.1	41.4	45.0
5550.0	17.6	23.8	26.5	29.5	32.3	35.4	38.1	41.4	45.0
5560.0	17.5	23.8	26.5	29.5	32.3	35.4	38.1	41.5	45.0
5570.0	17.4	23.8	26.5	29.5	32.3	35.4	38.1	41.4	45.0
5580.0	17.5	23.8	26.5	29.5	32.3	35.4	38.1	41.5	45.0
5590.0	17.5	23.8	26.5	29.5	32.4	35.4	38.1	41.5	45.0
5600.0	17.5	23.8	26.5	29.5	32.4	35.4	38.1	41.5	45.1
5610.0	17.4	23.8	26.5	29.5	32.4	35.4	38.2	41.5	45.1
5620.0	17.3	23.8	26.5	29.5	32.4	35.4	38.2	41.5	45.1
5630.0	17.4	23.8	26.5	29.5	32.4	35.4	38.2	41.5	45.1
5640.0	17.4	23.9	26.5	29.5	32.4	35.4	38.2	41.5	45.1
5650.0	17.4	23.8	26.5	29.5	32.4	35.4	38.2	41.5	45.1
5660.0	17.4	23.9	26.6	29.5	32.4	35.5	38.2	41.5	45.1
5670.0	17.4	23.8	26.6	29.5	32.4	35.5	38.2	41.6	45.1
5680.0	17.4	23.9	26.6	29.5	32.4	35.5	38.2	41.6	45.2
5690.0	17.4	23.9	26.6	29.5	32.4	35.5	38.2	41.6	45.2
5700.0	17.4	23.9	26.6	29.5	32.4	35.5	38.2	41.6	45.2
5710.0	17.5	23.9	26.6	29.6	32.4	35.5	38.2	41.6	45.2
5720.0	17.6	23.9	26.6	29.6	32.4	35.5	38.3	41.6	45.2
5730.0	17.6	23.9	26.6	29.6	32.4	35.5	38.3	41.6	45.2
5740.0	17.6	23.9	26.6	29.6	32.5	35.5	38.3	41.6	45.2
5750.0	17.5	23.9	26.6	29.6	32.4	35.5	38.3	41.6	45.2
5760.0	17.6	23.9	26.6	29.6	32.5	35.5	38.3	41.6	45.2
5770.0	17.4	23.9	26.6	29.6	32.5	35.5	38.3	41.6	45.2
5780.0	17.4	23.9	26.6	29.6	32.5	35.6	38.3	41.7	45.2
5790.0	17.4	23.9	26.6	29.6	32.5	35.6	38.3	41.7	45.2
5800.0	17.4	23.9	26.6	29.6	32.5	35.6	38.3	41.7	45.2
5810.0	17.4	23.9	26.6	29.6	32.5	35.6	38.3	41.7	45.3
5820.0	17.4	23.9	26.6	29.6	32.5	35.6	38.3	41.7	45.3
5830.0	17.4	23.9	26.6	29.6	32.5	35.6	38.4	41.7	45.3
5840.0	17.5	23.9	26.6	29.6	32.5	35.6	38.4	41.7	45.3
5850.0	17.5	23.9	26.6	29.6	32.5	35.6	38.4	41.7	45.3
5860.0	17.5	23.9	26.7	29.6	32.5	35.6	38.4	41.7	45.3
5870.0	17.5	23.9	26.6	29.6	32.5	35.6	38.4	41.7	45.3
5880.0	17.4	23.9	26.6	29.6	32.5	35.6	38.4	41.7	45.3
5890.0	17.4	23.9	26.7	29.7	32.6	35.6	38.4	41.8	45.3
5900.0	17.5	23.9	26.7	29.7	32.6	35.6	38.4	41.8	45.3
5910.0	17.5	24.0	26.7	29.7	32.6	35.7	38.4	41.8	45.4
5920.0	17.6	23.9	26.7	29.7	32.6	35.6	38.4	41.8	45.4
5930.0	17.7	24.0	26.7	29.7	32.6	35.7	38.4	41.8	45.4
5940.0	17.7	24.0	26.7	29.7	32.6	35.7	38.4	41.8	45.4
5950.0	17.6	24.0	26.7	29.7	32.6	35.7	38.4	41.8	45.4
5960.0	17.6	24.0	26.7	29.7	32.6	35.7	38.5	41.8	45.4
5970.0	17.6	24.0	26.7	29.7	32.6	35.7	38.5	41.8	45.4
5980.0	17.6	24.0	26.7	29.7	32.6	35.7	38.5	41.8	45.4
5990.0	17.6	24.0	26.7	29.7	32.6	35.7	38.5	41.8	45.4
6000.0	17.6	24.0	26.7	29.7	32.6	35.7	38.5	41.8	45.4
6010.0	17.7	24.0	26.7	29.7	32.6	35.7	38.5	41.8	45.4
6020.0	17.7	24.0	26.7	29.7	32.6	35.7	38.5	41.9	45.5
6030.0	17.7	24.0	26.7	29.7	32.6	35.7	38.5	41.9	45.5
6040.0	17.5	24.0	26.7	29.7	32.7	35.7	38.5	41.9	45.5
6050.0	17.5	24.0	26.7	29.7	32.7	35.8	38.5	41.9	45.5
6060.0	17.5	24.0	26.7	29.7	32.7	35.7	38.5	41.9	45.5
6070.0	17.5	24.0	26.7	29.8	32.7	35.8	38.5	41.9	45.5
6080.0	17.5	24.0	26.7	29.8	32.7	35.8	38.5	41.9	45.5
6090.0	17.5	24.0	26.8	29.8	32.7	35.8	38.6	41.9	45.5
6100.0	17.5	24.0	26.8	29.8	32.7	35.8	38.6	41.9	45.5
6110.0	17.5	24.0	26.8	29.8	32.7	35.8	38.6	41.9	45.5
6120.0	17.5	24.0	26.8	29.8	32.7	35.8	38.6	41.9	45.5
6130.0	17.4	24.0	26.8	29.8	32.7	35.8	38.6	41.9	45.6
6140.0	17.4	24.0	26.8	29.8	32.7	35.8	38.6	42.0	45.6
6150.0	17.5	24.0	26.8	29.8	32.7	35.8	38.6	42.0	45.6
6160.0	17.5	24.0	26.8	29.8	32.7	35.8	38.6	42.0	45.6
6170.0	17.5	24.0	26.8	29.8	32.7	35.8	38.6	42.0	45.6
6180.0	17.6	24.0	26.8	29.8	32.7	35.8	38.6	42.0	45.6
6190.0	17.5	24.0	26.8	29.8	32.7	35.8	38.6	42.0	45.6
6200.0	17.6	24.0	26.8	29.8	32.7	35.8	38.6	42.0	45.6
6210.0	17.6	24.1	26.8	29.8	32.8	35.9	38.6	42.0	45.6
6220.0	17.6	24.1	26.8	29.8	32.8	35.9	38.7	42.0	45.6
6230.0	17.6	24.1	26.8	29.8	32.8	35.9	38.7	42.0	45.6
6240.0	17.6	24.1	26.8	29.8	32.8	35.9	38.7	42.0	45.6
6250.0	17.6	24.1	26.8	29.8	32.8	35.9	38.7	42.0	45.7
6260.0	17.5	24.1	26.8	29.8	32.8	35.9	38.7	42.1	45.7
6270.0	17.5	24.1	26.8	29.9	32.8	35.9	38.7	42.1	45.7
6280.0	17.7	24.1	26.8	29.9	32.8	35.9	38.7	42.1	45.7
6290.0	17.6	24.1	26.8	29.9	32.8	35.9	38.7	42.1	45.7
6300.0	17.6	24.1	26.8	29.9	32.8	35.9	38.7	42.1	45.7
6310.0	17.5	24.1	26.8	29.9	32.8	35.9	38.7	42.1	45.7
6320.0	17.5	24.1	26.8	29.9	32.8	35.9	38.7	42.1	45.7
6330.0	17.4	24.1	26.8	29.9	32.8	35.9	38.7	42.1	45.7
6340.0	17.4	24.1	26.8	29.9	32.8	35.9	38.7	42.1	45.7
6350.0	17.4	24.1	26.8	29.9	32.8	35.9	38.7	42.1	45.7
6360.0	17.5	24.1	26.9	29.9	32.8	36.0	38.7	42.1	45.7
6370.0	17.5	24.1	26.9	29.9	32.8	36.0	38.7	42.1	45.7
6380.0	17.4	24.1	26.9	29.9	32.8	36.0	38.8	42.1	45.7
6390.0	17.4	24.1	26.9	29.9	32.8	36.0	38.7	42.1	45.8
6400.0	17.6	24.1	26.9	29.9	32.9	36.0	38.8	42.2	45.8
6410.0	17.6	24.1	26.9	29.9	32.9	36.0	38.8	42.2	45.8
6420.0	17.6	24.1	26.9	29.9	32.9	36.0	38.8	42.2	45.8
6430.0	17.6	24.1	26.9	29.9	32.9	36.0	38.8	42.2	45.8
6440.0	17.7	24.1	26.9	29.9	32.9	36.0	38.8	42.2	45.8
6450.0	17.6	24.1	26.9	29.9	32.9	36.0	38.8	42.2	45.8
6460.0	17.5	24.1	26.9	29.9	32.9	36.0	38.8	42.2	45.8
6470.0	17.4	24.1	26.9	29.9	32.9	36.0	38.8	42.2	45.8
6480.0	17.4	24.1	26.9	29.9	32.9	36.0	38.8	42.2	45.8
6490.0	17.5	24.1	26.9	29.9	32.9	36.0	38.8	42.2	45.8
6500.0	17.6	24.1	26.9	29.9	32.9	36.0	38.8	42.2	45.8
6510.0	17.7	24.1	26.9	30.0	32.9	36.0	38.8	42.2	45.8
6520.0	17.7	24.1	26.9	30.0	32.9	36.0	38.8	42.2	45.8
6530.0	17.6	24.1	26.9	30.0	32.9	36.0	38.8	42.2	45.9
6540.0	17.5	24.1	26.9	30.0	32.9	36.0	38.9	42.2	45.9
6550.0	17.6	24.1	26.9	30.0	32.9	36.1	38.8	42.2	45.9
6560.0	17.5	24.1	26.9	30.0	32.9	36.1	38.9	42.3	45.9
6570.0	17.5	24.1	26.9	30.0	32.9	36.1	38.9	42.3	45.9
6580.0	17.5	24.1	26.9	30.0	32.9	36.1	38.9	42.3	45.9
6590.0	17.5	24.1	26.9	30.0	33.0	36.1	38.9	42.3	45.9
6600.0	17.6	24.1	26.9	30.0	33.0	36.1	38.9	42.3	45.9
6610.0	17.6	24.1	26.9	30.0	33.0	36.1	38.9	42.3	45.9
6620.0	17.6	24.1	26.9	30.0	33.0	36.1	38.9	42.3	45.9
6630.0	17.6	24.1	26.9	30.0	33.0	36.1	38.9	42.3	45.9
6640.0	17.6	24.2	26.9	30.0	33.0	36.1	38.9	42.3	45.9
6650.0	17.5	24.1	26.9	30.0	33.0	36.1	38.9	42.3	45.9
6660.0	17.5	24.2	26.9	30.0	33.0	36.1	38.9	42.3	45.9
6670.0	17.5	24.2	26.9	30.0	33.0	36.1	38.9	42.3	46.0
6680.0	17.5	24.2	26.9	30.0	33.0	36.1	38.9	42.3	46.0
6690.0	17.6	24.2	26.9	30.0	33.0	36.1	38.9	42.3	46.0
6700.0	17.6	24.2	27.0	30.0	33.0	36.1	38.9	42.3	46.0
6710.0	17.5	24.2	26.9	30.0	33.0	36.1	38.9	42.3	46.0
6720.0	17.4	24.2	27.0	30.0	33.0	36.1	39.0	42.4	46.0
6730.0	17.5	24.2	27.0	30.0	33.0	36.1	39.0	42.4	46.0
6740.0	17.5	24.2	27.0	30.0	33.0	36.1	39.0	42.4	46.0
6750.0	17.6	24.2	27.0	30.0	33.0	36.2	39.0	42.4	46.0
6760.0	17.5	24.2	27.0	30.0	33.0	36.2	39.0	42.4	46.0
6770.0	17.6	24.2	27.0	30.0	33.0	36.2	39.0	42.4	46.0
6780.0	17.6	24.2	27.0	30.0	33.0	36.2	39.0	42.4	46.0
6790.0	17.5	24.2	27.0	30.1	33.0	36.2	39.0	42.4	46.0
6800.0	17.5	24.2	27.0	30.1	33.0	36.2	39.0	42.4	46.0
6810.0	17.4	24.2	27.0	30.0	33.0	36.2	39.0	42.4	46.0
6820.0	17.5	24.2	27.0	30.1	33.0	36.2	39.0	42.4	46.1
6830.0	17.5	24.2	27.0	30.1	33.0	36.2	39.0	42.4	46.0
6840.0	17.5	24.2	27.0	30.1	33.0	36.2	39.0	42.4	46.1
6850.0	17.5	24.2	27.0	30.1	33.1	36.2	39.0	42.4	46.1
6860.0	17.5	24.2	27.0	30.1	33.1	36.2	39.0	42.4	46.1
6870.0	17.3	24.2	27.0	30.1	33.1	36.2	39.0	42.4	46.1
6880.0	17.5	24.2	27.0	30.1	33.1	36.2	39.0	42.4	46.1
6890.0	17.5	24.2	27.0	30.1	33.1	36.2	39.0	42.4	46.1
6900.0	17.6	24.2	27.0	30.1	33.1	36.2	39.0	42.4	46.1
6910.0	17.6	24.2	27.0	30.1	33.1	36.2	39.0	42.4	46.1
6920.0	17.5	24.2	27.0	30.1	33.1	36.2	39.0	42.5	46.1
6930.0	17.7	24.2	27.0	30.1	33.1	36.2	39.0	42.4	46.1
6940.0	17.5	24.2	27.0	30.1	33.1	36.2	39.1	42.5	46.1
6950.0	17.4	24.2	27.0	30.1	33.1	36.2	39.1	42.5	46.1
6960.0	17.6	24.2	27.0	30.1	33.1	36.3	39.1	42.5	46.1
6970.0	17.4	24.2	27.0	30.1	33.1	36.2	39.1	42.5	46.1
6980.0	17.4	24.2	27.0	30.1	33.1	36.3	39.1	42.5	46.1
6990.0	17.4	24.2	27.0	30.1	33.1	36.3	39.1	42.5	46.1
7000.0	17.3	24.2	27.0	30.1	33.1	36.3	39.1	42.5	46.1
7010.0	17.3	24.2	27.0	30.1	33.1	36.3	39.1	42.5	46.2
7020.0	17.4	24.2	27.0	30.1	33.1	36.3	39.1	42.5	46.2
7030.0	17.6	24.2	27.0	30.1	33.1	36.3	39.1	42.5	46.2
7040.0	17.5	24.2	27.0	30.1	33.1	36.3	39.1	42.5	46.2
7050.0	17.5	24.2	27.0	30.1	33.1	36.3	39.1	42.5	46.2
7060.0	17.5	24.2	27.0	30.1	33.1	36.3	39.1	42.5	46.2
7070.0	17.5	24.2	27.0	30.1	33.1	36.3	39.1	42.5	46.2
7080.0	17.5	24.2	27.0	30.1	33.1	36.3	39.1	42.5	46.2
7090.0	17.5	24.2	27.0	30.1	33.1	36.3	39.1	42.5	46.2
7100.0	17.6	24.2	27.0	30.1	33.1	36.3	39.1	42.5	46.2
7110.0	17.5	24.2	27.0	30.1	33.1	36.3	39.1	42.5	46.2
7120.0	17.4	24.2	27.0	30.1	33.1	36.3	39.1	42.5	46.2
7130.0	17.4	24.2	27.0	30.1	33.1	36.3	39.1	42.6	46.2
7140.0	17.4	24.2	27.1	30.2	33.2	36.3	39.1	42.6	46.2
7150.0	17.6	24.3	27.1	30.2	33.2	36.3	39.2	42.6	46.2
7160.0	17.5	24.3	27.1	30.2	33.2	36.3	39.2	42.6	46.2
7170.0	17.4	24.3	27.1	30.2	33.2	36.3	39.1	42.6	46.2
7180.0	17.4	24.3	27.1	30.2	33.2	36.3	39.2	42.6	46.2
7190.0	17.4	24.3	27.1	30.2	33.2	36.3	39.2	42.6	46.2
7200.0	17.3	24.3	27.1	30.2	33.2	36.3	39.2	42.6	46.2
7210.0	17.3	24.3	27.1	30.2	33.2	36.4	39.2	42.6	46.3
7220.0	17.3	24.3	27.1	30.2	33.2	36.3	39.2	42.6	46.3
7230.0	17.4	24.3	27.1	30.2	33.2	36.3	39.2	42.6	46.2
7240.0	17.6	24.3	27.1	30.2	33.2	36.4	39.2	42.6	46.3
7250.0	17.5	24.3	27.1	30.2	33.2	36.4	39.2	42.6	46.3
7260.0	17.6	24.3	27.1	30.2	33.2	36.4	39.2	42.6	46.3
7270.0	17.6	24.3	27.1	30.2	33.2	36.4	39.2	42.6	46.3
7280.0	17.5	24.3	27.1	30.2	33.2	36.4	39.2	42.6	46.3
7290.0	17.6	24.3	27.1	30.2	33.2	36.4	39.2	42.6	46.3
7300.0	17.7	24.3	27.1	30.2	33.2	36.4	39.2	42.6	46.3
7310.0	17.7	24.3	27.1	30.2	33.2	36.4	39.2	42.6	46.3
7320.0	17.6	24.3	27.1	30.2	33.2	36.4	39.2	42.6	46.3
7330.0	17.7	24.3	27.1	30.2	33.2	36.4	39.2	42.6	46.3
7340.0	17.7	24.3	27.1	30.2	33.2	36.4	39.2	42.6	46.3
7350.0	17.6	24.3	27.1	30.2	33.2	36.4	39.2	42.6	46.3
7360.0	17.6	24.3	27.1	30.2	33.2	36.4	39.2	42.6	46.3
7370.0	17.5	24.3	27.1	30.2	33.2	36.4	39.2	42.6	46.3
7380.0	17.4	24.3	27.1	30.2	33.2	36.4	39.2	42.6	46.3
7390.0	17.4	24.3	27.1	30.2	33.2	36.4	39.2	42.6	46.3
7400.0	17.5	24.3	27.1	30.2	33.2	36.4	39.2	42.7	46.3
7410.0	17.5	24.3	27.1	30.2	33.2	36.4	39.2	42.7	46.3
7420.0	17.5	24.3	27.1	30.2	33.2	36.4	39.2	42.7	46.3
7430.0	17.4	24.3	27.1	30.2	33.2	36.4	39.2	42.7	46.3
7440.0	17.5	24.3	27.1	30.2	33.2	36.4	39.2	42.7	46.3
7450.0	17.4	24.3	27.1	30.2	33.2	36.4	39.2	42.7	46.3
7460.0	17.5	24.3	27.1	30.2	33.2	36.4	39.2	42.7	46.3
7470.0	17.6	24.3	27.1	30.2	33.2	36.4	39.2	42.7	46.3
7480.0	17.6	24.3	27.1	30.2	33.2	36.4	39.2	42.7	46.3
7490.0	17.5	24.3	27.1	30.2	33.3	36.4	39.3	42.7	46.3
7500.0	17.4	24.3	27.1	30.2	33.2	36.4	39.3	42.7	46.4
7510.0	17.5	24.3	27.1	30.3	33.3	36.4	39.3	42.7	46.3
7520.0	17.5	24.3	27.1	30.2	33.3	36.4	39.3	42.7	46.4
7530.0	17.5	24.3	27.1	30.3	33.3	36.5	39.3	42.7	46.4
7540.0	17.4	24.3	27.1	30.2	33.3	36.4	39.3	42.7	46.4
7550.0	17.4	24.3	27.1	30.2	33.3	36.4	39.3	42.7	46.4
7560.0	17.4	24.3	27.1	30.3	33.3	36.5	39.3	42.7	46.4
7570.0	17.3	24.3	27.1	30.3	33.3	36.4	39.3	42.7	46.4
7580.0	17.4	24.3	27.1	30.3	33.3	36.5	39.3	42.7	46.4
7590.0	17.5	24.3	27.1	30.3	33.3	36.4	39.3	42.7	46.4
7600.0	17.6	24.3	27.1	30.3	33.3	36.5	39.3	42.7	46.4
7610.0	17.6	24.3	27.1	30.3	33.3	36.5	39.3	42.7	46.4
7620.0	17.6	24.3	27.1	30.3	33.3	36.5	39.3	42.7	46.4
7630.0	17.5	24.3	27.1	30.3	33.3	36.5	39.3	42.7	46.4
7640.0	17.6	24.3	27.1	30.3	33.3	36.5	39.3	42.7	46.4
7650.0	17.6	24.3	27.1	30.3	33.3	36.5	39.3	42.7	46.4
7660.0	17.6	24.3	27.1	30.3	33.3	36.5	39.3	42.7	46.4
7670.0	17.5	24.3	27.1	30.3	33.3	36.5	39.3	42.7	46.4
7680.0	17.4	24.3	27.1	30.3	33.3	36.5	39.3	42.7	46.4
7690.0	17.4	24.3	27.1	30.3	33.3	36.5	39.3	42.7	46.4
7700.0	17.5	24.3	27.1	30.3	33.3	36.5	39.3	42.7	46.4
7710.0	17.5	24.3	27.1	30.3	33.3	36.5	39.3	42.8	46.4
7720.0	17.4	24.3	27.1	30.3	33.3	36.5	39.3	42.8	46.4
7730.0	17.4	24.3	27.2	30.3	33.3	36.5	39.3	42.8	46.4
7740.0	17.4	24.3	27.2	30.3	33.3	36.5	39.3	42.8	46.4
7750.0	17.5	24.3	27.2	30.3	33.3	36.5	39.3	42.8	46.4
7760.0	17.5	24.3	27.2	30.3	33.3	36.5	39.3	42.8	46.4
7770.0	17.4	24.3	27.2	30.3	33.3	36.5	39.3	42.8	46.4
7780.0	17.3	24.3	27.1	30.3	33.3	36.5	39.3	42.8	46.4
7790.0	17.5	24.3	27.2	30.3	33.3	36.5	39.3	42.8	46.5
7800.0	17.6	24.3	27.2	30.3	33.3	36.5	39.3	42.8	46.5
7810.0	17.5	24.3	27.2	30.3	33.3	36.5	39.3	42.8	46.4
7820.0	17.6	24.3	27.2	30.3	33.3	36.5	39.3	42.8	46.5
7830.0	17.5	24.3	27.1	30.3	33.3	36.5	39.4	42.8	46.5
7840.0	17.5	24.3	27.2	30.3	33.3	36.5	39.4	42.8	46.5
7850.0	17.5	24.3	27.2	30.3	33.3	36.5	39.4	42.8	46.5
7860.0	17.5	24.3	27.2	30.3	33.3	36.5	39.4	42.8	46.5
7870.0	17.5	24.3	27.2	30.3	33.3	36.5	39.4	42.8	46.5
7880.0	17.5	24.3	27.2	30.3	33.3	36.5	39.4	42.8	46.5
7890.0	17.5	24.3	27.2	30.3	33.3	36.5	39.4	42.8	46.5
7900.0	17.5	24.3	27.2	30.3	33.3	36.5	39.4	42.8	46.5
7910.0	17.5	24.3	27.2	30.3	33.3	36.5	39.4	42.8	46.5
7920.0	17.5	24.3	27.2	30.3	33.3	36.5	39.4	42.8	46.5
7930.0	17.5	24.3	27.2	30.3	33.4	36.5	39.4	42.8	46.5
7940.0	17.4	24.3	27.2	30.3	33.3	36.5	39.4	42.8	46.5
7950.0	17.5	24.3	27.2	30.3	33.3	36.5	39.4	42.8	46.5
7960.0	17.5	24.3	27.2	30.3	33.3	36.5	39.4	42.8	46.5
7970.0	17.4	24.3	27.2	30.3	33.3	36.5	39.4	42.8	46.5
7980.0	17.6	24.3	27.2	30.3	33.4	36.5	39.4	42.8	46.5
7990.0	17.5	24.3	27.2	30.3	33.4	36.6	39.4	42.8	46.5
8000.0	17.6	24.3	27.2	30.3	33.4	36.6	39.4	42.8	46.5
8010.0	17.6	24.3	27.2	30.3	33.4	36.5	39.4	42.8	46.5
8020.0	17.6	24.3	27.2	30.3	33.4	36.6	39.4	42.8	46.5
8030.0	17.7	24.3	27.2	30.3	33.4	36.6	39.4	42.8	46.5
8040.0	17.6	24.3	27.2	30.3	33.4	36.6	39.4	42.9	46.5
8050.0	17.6	24.3	27.2	30.3	33.4	36.6	39.4	42.8	46.5
8060.0	17.6	24.3	27.2	30.3	33.4	36.6	39.4	42.9	46.5
8070.0	17.5	24.3	27.2	30.3	33.4	36.6	39.4	42.9	46.5
8080.0	17.5	24.3	27.2	30.3	33.4	36.6	39.4	42.9	46.5
8090.0	17.6	24.4	27.2	30.3	33.4	36.6	39.4	42.9	46.5
8100.0	17.5	24.3	27.2	30.3	33.4	36.6	39.4	42.9	46.5
8110.0	17.5	24.3	27.2	30.3	33.4	36.6	39.4	42.9	46.5
8120.0	17.5	24.3	27.2	30.3	33.4	36.6	39.4	42.9	46.5
8130.0	17.5	24.4	27.2	30.3	33.4	36.6	39.4	42.9	46.6
8140.0	17.6	24.3	27.2	30.3	33.4	36.6	39.4	42.9	46.5
8150.0	17.5	24.4	27.2	30.3	33.4	36.6	39.4	42.9	46.5
8160.0	17.5	24.3	27.2	30.4	33.4	36.6	39.4	42.9	46.6
8170.0	17.6	24.3	27.2	30.4	33.4	36.6	39.4	42.9	46.6
8180.0	17.5	24.4	27.2	30.4	33.4	36.6	39.4	42.9	46.6
8190.0	17.5	24.3	27.2	30.4	33.4	36.6	39.4	42.9	46.5
8200.0	17.5	24.4	27.2	30.4	33.4	36.6	39.5	42.9	46.6
8210.0	17.4	24.3	27.2	30.4	33.4	36.6	39.4	42.9	46.6
8220.0	17.5	24.4	27.2	30.4	33.4	36.6	39.5	42.9	46.6
8230.0	17.5	24.4	27.2	30.4	33.4	36.6	39.5	42.9	46.6
8240.0	17.5	24.4	27.2	30.4	33.4	36.6	39.5	42.9	46.6
8250.0	17.4	24.4	27.2	30.4	33.4	36.6	39.5	42.9	46.6
8260.0	17.4	24.4	27.2	30.4	33.4	36.6	39.5	42.9	46.6
8270.0	17.4	24.4	27.2	30.4	33.4	36.6	39.5	42.9	46.6
8280.0	17.4	24.4	27.2	30.4	33.4	36.6	39.5	42.9	46.6
8290.0	17.4	24.4	27.2	30.4	33.4	36.6	39.5	42.9	46.6
8300.0	17.4	24.4	27.2	30.4	33.4	36.6	39.5	42.9	46.6
8310.0	17.4	24.4	27.2	30.4	33.4	36.6	39.5	42.9	46.6
8320.0	17.4	24.4	27.2	30.4	33.4	36.6	39.5	42.9	46.6
8330.0	17.4	24.4	27.2	30.4	33.4	36.6	39.5	42.9	46.6
8340.0	17.5	24.4	27.2	30.4	33.4	36.6	39.5	42.9	46.6
8350.0	17.4	24.4	27.2	30.4	33.4	36.6	39.5	42.9	46.6
8360.0	17.5	24.4	27.2	30.4	33.4	36.6	39.5	42.9	46.6
8370.0	17.5	24.4	27.2	30.4	33.4	36.6	39.5	42.9	46.6
8380.0	17.6	24.4	27.2	30.4	33.4	36.6	39.5	42.9	46.6
8390.0	17.6	24.4	27.2	30.4	33.4	36.6	39.5	42.9	46.6
8400.0	17.5	24.4	27.2	30.4	33.4	36.6	39.5	42.9	46.6
8410.0	17.6	24.4	27.2	30.4	33.4	36.6	39.5	42.9	46.6
8420.0	17.7	24.4	27.2	30.4	33.4	36.6	39.5	42.9	46.6
8430.0	17.6	24.4	27.2	30.4	33.4	36.6	39.5	42.9	46.6
8440.0	17.7	24.4	27.2	30.4	33.4	36.6	39.5	42.9	46.6
8450.0	17.6	24.4	27.2	30.4	33.4	36.6	39.5	42.9	46.6
8460.0	17.5	24.4	27.2	30.4	33.4	36.6	39.5	42.9	46.6
8470.0	17.6	24.4	27.2	30.4	33.4	36.6	39.5	42.9	46.6
8480.0	17.5	24.4	27.2	30.4	33.4	36.6	39.5	42.9	46.6
8490.0	17.4	24.4	27.2	30.4	33.4	36.6	39.5	42.9	46.6
8500.0	17.4	24.4	27.2	30.4	33.4	36.7	39.5	42.9	46.6
8510.0	17.4	24.4	27.2	30.4	33.4	36.6	39.5	43.0	46.6
8520.0	17.5	24.4	27.2	30.4	33.4	36.6	39.5	43.0	46.6
8530.0	17.4	24.4	27.2	30.4	33.4	36.7	39.5	43.0	46.6
8540.0	17.4	24.4	27.2	30.4	33.4	36.6	39.5	42.9	46.6
8550.0	17.4	24.4	27.2	30.4	33.4	36.6	39.5	43.0	46.6
8560.0	17.4	24.4	27.2	30.4	33.4	36.6	39.5	43.0	46.6
8570.0	17.4	24.4	27.2	30.4	33.4	36.6	39.5	42.9	46.6
8580.0	17.5	24.4	27.2	30.4	33.4	36.7	39.5	43.0	46.6
8590.0	17.5	24.4	27.2	30.4	33.4	36.7	39.5	43.0	46.7
8600.0	17.6	24.4	27.2	30.4	33.5	36.7	39.5	43.0	46.7
8610.0	17.5	24.4	27.2	30.4	33.4	36.7	39.5	43.0	46.6
8620.0	17.5	24.4	27.2	30.4	33.4	36.7	39.5	43.0	46.7
8630.0	17.5	24.4	27.2	30.4	33.4	36.6	39.5	43.0	46.7
8640.0	17.5	24.4	27.2	30.4	33.5	36.7	39.5	43.0	46.7
8650.0	17.5	24.4	27.2	30.4	33.4	36.7	39.5	43.0	46.7
8660.0	17.4	24.4	27.2	30.4	33.4	36.7	39.5	43.0	46.7
8670.0	17.4	24.4	27.2	30.4	33.4	36.7	39.5	43.0	46.7
8680.0	17.3	24.4	27.2	30.4	33.5	36.7	39.5	43.0	46.7
8690.0	17.4	24.4	27.2	30.4	33.5	36.7	39.5	43.0	46.7
8700.0	17.4	24.4	27.2	30.4	33.5	36.7	39.5	43.0	46.7
8710.0	17.5	24.4	27.2	30.4	33.4	36.7	39.5	43.0	46.7
8720.0	17.5	24.4	27.2	30.4	33.5	36.7	39.5	43.0	46.7
8730.0	17.5	24.4	27.2	30.4	33.5	36.7	39.5	43.0	46.7
8740.0	17.6	24.4	27.2	30.4	33.5	36.7	39.5	43.0	46.7
8750.0	17.5	24.4	27.2	30.4	33.5	36.7	39.5	43.0	46.7
8760.0	17.6	24.4	27.2	30.4	33.5	36.7	39.5	43.0	46.7
8770.0	17.6	24.4	27.2	30.4	33.5	36.7	39.5	43.0	46.7
8780.0	17.5	24.4	27.2	30.4	33.5	36.7	39.5	43.0	46.7
8790.0	17.4	24.4	27.2	30.4	33.5	36.7	39.5	43.0	46.7
8800.0	17.5	24.4	27.2	30.4	33.5	36.7	39.5	43.0	46.7
8810.0	17.6	24.4	27.2	30.4	33.5	36.7	39.5	43.0	46.7
8820.0	17.6	24.4	27.2	30.4	33.5	36.7	39.5	43.0	46.7
8830.0	17.5	24.4	27.2	30.4	33.5	36.7	39.5	43.0	46.7
8840.0	17.5	24.4	27.2	30.4	33.5	36.7	39.6	43.0	46.7
8850.0	17.4	24.4	27.2	30.4	33.5	36.7	39.5	43.0	46.7
8860.0	17.5	24.4	27.2	30.4	33.5	36.7	39.6	43.0	46.7
8870.0	17.3	24.4	27.2	30.4	33.5	36.7	39.5	43.0	46.7
8880.0	17.3	24.4	27.2	30.4	33.5	36.7	39.6	43.0	46.7
8890.0	17.5	24.4	27.3	30.4	33.5	36.7	39.6	43.0	46.7
8900.0	17.5	24.4	27.3	30.4	33.5	36.7	39.6	43.0	46.7
8910.0	17.5	24.4	27.3	30.4	33.5	36.7	39.6	43.0	46.7
8920.0	17.6	24.4	27.2	30.4	33.5	36.7	39.6	43.0	46.7
8930.0	17.6	24.4	27.3	30.4	33.5	36.7	39.6	43.0	46.7
8940.0	17.6	24.4	27.3	30.4	33.5	36.7	39.6	43.0	46.7
8950.0	17.5	24.4	27.2	30.4	33.5	36.7	39.6	43.0	46.7
8960.0	17.5	24.4	27.3	30.4	33.5	36.7	39.6	43.0	46.7
8970.0	17.5	24.4	27.2	30.4	33.5	36.7	39.6	43.0	46.7
8980.0	17.5	24.4	27.3	30.4	33.5	36.7	39.6	43.0	46.7
8990.0	17.4	24.4	27.3	30.4	33.5	36.7	39.6	43.0	46.7
9000.0	17.4	24.4	27.3	30.4	33.5	36.7	39.6	43.0	46.7
9010.0	17.4	24.4	27.3	30.4	33.5	36.7	39.6	43.0	46.7
9020.0	17.5	24.4	27.3	30.4	33.5	36.7	39.6	43.0	46.7
9030.0	17.6	24.4	27.3	30.4	33.5	36.7	39.6	43.0	46.7
9040.0	17.5	24.4	27.3	30.4	33.5	36.7	39.6	43.0	46.7
9050.0	17.4	24.4	27.3	30.4	33.5	36.7	39.6	43.0	46.7
9060.0	17.4	24.4	27.3	30.4	33.5	36.7	39.6	43.0	46.7
9070.0	17.3	24.4	27.3	30.4	33.5	36.7	39.6	43.0	46.7
9080.0	17.5	24.4	27.3	30.4	33.5	36.7	39.6	43.0	46.7
9090.0	17.5	24.4	27.3	30.4	33.5	36.7	39.6	43.0	46.7
9100.0	17.4	24.4	27.3	30.4	33.5	36.7	39.6	43.0	46.7
9110.0	17.5	24.4	27.3	30.4	33.5	36.7	39.6	43.0	46.7
9120.0	17.6	24.4	27.3	30.4	33.5	36.7	39.6	43.0	46.7
9130.0	17.6	24.4	27.3	30.5	33.5	36.7	39.6	43.0	46.7
9140.0	17.5	24.4	27.3	30.4	33.5	36.7	39.6	43.0	46.7
9150.0	17.5	24.4	27.3	30.5	33.5	36.7	39.6	43.0	46.7
9160.0	17.5	24.4	27.3	30.4	33.5	36.7	39.6	43.0	46.7
9170.0	17.5	24.4	27.3	30.4	33.5	36.7	39.6	43.0	46.7
9180.0	17.7	24.4	27.3	30.5	33.5	36.7	39.6	43.0	46.7
9190.0	17.7	24.4	27.3	30.4	33.5	36.7	39.6	43.0	46.7
9200.0	17.8	24.4	27.3	30.5	33.5	36.7	39.6	43.0	46.7
9210.0	17.8	24.4	27.3	30.4	33.5	36.7	39.6	43.0	46.7
9220.0	17.6	24.4	27.3	30.4	33.5	36.7	39.6	43.0	46.7
9230.0	17.6	24.4	27.3	30.5	33.5	36.7	39.6	43.0	46.7
9240.0	17.7	24.4	27.3	30.5	33.5	36.7	39.6	43.0	46.8
9250.0	17.7	24.4	27.3	30.5	33.5	36.7	39.6	43.1	46.7
9260.0	17.7	24.4	27.3	30.5	33.5	36.7	39.6	43.1	46.7
9270.0	17.7	24.5	27.3	30.5	33.5	36.7	39.6	43.1	46.7
9280.0	17.7	24.5	27.3	30.5	33.5	36.7	39.6	43.1	46.7
9290.0	17.6	24.5	27.3	30.5	33.5	36.7	39.6	43.1	46.7
9300.0	17.5	24.5	27.3	30.5	33.5	36.7	39.6	43.1	46.7
9310.0	17.5	24.5	27.3	30.5	33.5	36.7	39.6	43.1	46.7
9320.0	17.5	24.4	27.3	30.5	33.5	36.7	39.6	43.0	46.7
9330.0	17.5	24.5	27.3	30.5	33.5	36.7	39.6	43.1	46.7
9340.0	17.6	24.5	27.3	30.5	33.5	36.7	39.6	43.1	46.8
9350.0	17.6	24.5	27.3	30.5	33.5	36.7	39.6	43.1	46.8
9360.0	17.7	24.5	27.3	30.5	33.5	36.7	39.6	43.1	46.7
9370.0	17.7	24.5	27.3	30.5	33.5	36.7	39.6	43.1	46.7
9380.0	17.7	24.5	27.3	30.5	33.5	36.7	39.6	43.1	46.8
9390.0	17.7	24.5	27.3	30.5	33.5	36.8	39.6	43.1	46.8
9400.0	17.8	24.5	27.3	30.5	33.5	36.8	39.6	43.1	46.8
9410.0	17.6	24.5	27.3	30.5	33.5	36.7	39.6	43.1	46.8
9420.0	17.5	24.5	27.3	30.5	33.5	36.8	39.6	43.1	46.8
9430.0	17.5	24.5	27.3	30.5	33.5	36.8	39.6	43.1	46.8
9440.0	17.7	24.5	27.3	30.5	33.5	36.7	39.6	43.1	46.7
9450.0	17.6	24.5	27.3	30.5	33.5	36.8	39.6	43.1	46.8
9460.0	17.6	24.5	27.3	30.5	33.5	36.8	39.6	43.1	46.8
9470.0	17.6	24.5	27.3	30.5	33.5	36.8	39.6	43.1	46.8
9480.0	17.6	24.5	27.3	30.5	33.5	36.8	39.6	43.1	46.8
9490.0	17.6	24.5	27.3	30.5	33.5	36.8	39.6	43.1	46.8
9500.0	17.6	24.5	27.3	30.5	33.5	36.8	39.6	43.1	46.8
9510.0	17.6	24.5	27.3	30.5	33.5	36.8	39.6	43.1	46.8
9520.0	17.5	24.5	27.3	30.5	33.5	36.8	39.6	43.1	46.8
9530.0	17.5	24.5	27.3	30.5	33.6	36.8	39.6	43.1	46.8
9540.0	17.4	24.5	27.3	30.5	33.5	36.8	39.6	43.1	46.8
9550.0	17.4	24.5	27.3	30.5	33.6	36.8	39.6	43.1	46.8
9560.0	17.3	24.5	27.3	30.5	33.6	36.8	39.6	43.1	46.8
9570.0	17.4	24.5	27.3	30.5	33.6	36.8	39.6	43.1	46.8
9580.0	17.5	24.5	27.3	30.5	33.6	36.8	39.6	43.1	46.8
9590.0	17.5	24.5	27.3	30.5	33.5	36.8	39.6	43.1	46.8
9600.0	17.5	24.5	27.3	30.5	33.5	36.8	39.6	43.1	46.8
9610.0	17.5	24.5	27.3	30.5	33.6	36.8	39.6	43.1	46.8
9620.0	17.5	24.5	27.3	30.5	33.6	36.8	39.6	43.1	46.8
9630.0	17.5	24.5	27.3	30.5	33.6	36.8	39.6	43.1	46.8
9640.0	17.5	24.4	27.3	30.5	33.6	36.8	39.6	43.1	46.8
9650.0	17.4	24.4	27.3	30.5	33.5	36.8	39.6	43.1	46.8
9660.0	17.4	24.5	27.3	30.5	33.6	36.8	39.6	43.1	46.8
9670.0	17.5	24.5	27.3	30.5	33.6	36.8	39.6	43.1	46.8
9680.0	17.6	24.5	27.3	30.5	33.6	36.8	39.6	43.1	46.8
9690.0	17.5	24.4	27.3	30.5	33.6	36.8	39.6	43.1	46.8
9700.0	17.5	24.5	27.3	30.5	33.6	36.8	39.6	43.1	46.8
9710.0	17.5	24.4	27.3	30.5	33.6	36.8	39.6	43.1	46.8
9720.0	17.5	24.5	27.3	30.5	33.6	36.8	39.6	43.1	46.8
9730.0	17.5	24.4	27.3	30.5	33.6	36.8	39.6	43.1	46.8
9740.0	17.6	24.4	27.3	30.5	33.6	36.8	39.6	43.1	46.8
9750.0	17.6	24.5	27.3	30.5	33.6	36.8	39.6	43.1	46.8
9760.0	17.5	24.4	27.3	30.5	33.6	36.8	39.6	43.1	46.8
9770.0	17.5	24.4	27.3	30.5	33.6	36.8	39.6	43.1	46.8
9780.0	17.5	24.5	27.3	30.5	33.6	36.8	39.6	43.1	46.8
9790.0	17.4	24.5	27.3	30.5	33.6	36.8	39.7	43.1	46.8
9800.0	17.7	24.4	27.3	30.5	33.6	36.8	39.6	43.1	46.8
9810.0	17.5	24.4	27.3	30.5	33.6	36.8	39.6	43.1	46.8
9820.0	17.5	24.4	27.3	30.5	33.6	36.8	39.6	43.1	46.8
9830.0	17.5	24.4	27.3	30.5	33.6	36.8	39.6	43.1	46.8
9840.0	17.6	24.4	27.3	30.5	33.6	36.8	39.6	43.1	46.8
9850.0	17.4	24.4	27.3	30.5	33.6	36.8	39.6	43.1	46.8
9860.0	17.6	24.4	27.3	30.5	33.6	36.8	39.6	43.1	46.8
9870.0	17.6	24.4	27.3	30.5	33.6	36.8	39.6	43.1	46.8
9880.0	17.7	24.4	27.3	30.5	33.6	36.8	39.6	43.1	46.8
9890.0	17.6	24.4	27.3	30.5	33.6	36.8	39.6	43.1	46.8
9900.0	17.6	24.4	27.3	30.5	33.6	36.8	39.6	43.1	46.8
9910.0	17.6	24.4	27.3	30.5	33.6	36.8	39.6	43.1	46.8
9920.0	17.6	24.4	27.3	30.5	33.6	36.8	39.6	43.1	46.8
9930.0	17.6	24.5	27.3	30.5	33.6	36.8	39.7	43.1	46.8
9940.0	17.5	24.4	27.3	30.5	33.6	36.8	39.6	43.1	46.8
9950.0	17.5	24.4	27.3	30.5	33.6	36.8	39.6	43.1	46.8
9960.0	17.5	24.4	27.3	30.5	33.6	36.8	39.6	43.1	46.8
9970.0	17.5	24.4	27.3	30.5	33.6	36.8	39.6	43.1	46.8
9980.0	17.5	24.4	27.3	30.5	33.6	36.8	39.6	43.1	46.8
9990.0	17.6	24.4	27.3	30.5	33.6	36.8	39.6	43.1	46.8
10000.0	17.5	24.4	27.3	30.5	33.6	36.8	39.6	43.1	46.8
10010.0	17.5	24.4	27.3	30.5	33.6	36.8	39.6	43.1	46.8
10020.0	17.5	24.4	27.3	30.5	33.6	36.8	39.6	43.1	46.8
10030.0	17.4	24.4	27.3	30.5	33.6	36.8	39.6	43.1	46.8
10040.0	17.5	24.4	27.3	30.5	33.6	36.8	39.6	43.1	46.8
10050.0	17.5	24.4	27.3	30.5	33.6	36.8	39.6	43.1	46.8
10060.0	17.4	24.4	27.3	30.5	33.6	36.8	39.7	43.1	46.8
10070.0	17.4	24.4	27.3	30.5	33.6	36.8	39.6	43.1	46.8
10080.0	17.3	24.4	27.3	30.5	33.6	36.8	39.7	43.1	46.8
10090.0	17.3	24.4	27.3	30.5	33.5	36.8	39.6	43.1	46.8
10100.0	17.4	24.4	27.3	30.5	33.6	36.8	39.7	43.1	46.8
10110.0	17.4	24.4	27.3	30.5	33.6	36.8	39.6	43.1	46.8
10120.0	17.4	24.4	27.3	30.5	33.6	36.8	39.6	43.1	46.8
10130.0	17.5	24.4	27.3	30.5	33.6	36.8	39.6	43.1	46.8
10140.0	17.5	24.4	27.3	30.5	33.6	36.8	39.6	43.1	46.8
10150.0	17.5	24.4	27.3	30.5	33.6	36.8	39.7	43.1	46.8
10160.0	17.5	24.4	27.3	30.5	33.6	36.8	39.6	43.1	46.8
10170.0	17.5	24.4	27.3	30.5	33.6	36.8	39.6	43.1	46.8
10180.0	17.4	24.4	27.3	30.5	33.6	36.8	39.7	43.1	46.8
10190.0	17.4	24.4	27.3	30.5	33.6	36.8	39.7	43.1	46.8
10200.0	17.4	24.4	27.3	30.5	33.6	36.8	39.6	43.1	46.8
10210.0	17.5	24.4	27.3	30.5	33.6	36.8	39.6	43.1	46.8
10220.0	17.4	24.4	27.3	30.5	33.6	36.8	39.6	43.1	46.8
10230.0	17.4	24.4	27.3	30.5	33.6	36.8	39.6	43.1	46.8
10240.0	17.3	24.4	27.3	30.5	33.6	36.8	39.6	43.1	46.8
10250.0	17.3	24.4	27.3	30.5	33.6	36.8	39.7	43.1	46.8
10260.0	17.4	24.4	27.3	30.5	33.6	36.8	39.7	43.1	46.8
10270.0	17.4	24.4	27.3	30.5	33.6	36.8	39.7	43.1	46.8
10280.0	17.4	24.4	27.3	30.5	33.6	36.8	39.6	43.1	46.8
10290.0	17.5	24.4	27.3	30.5	33.5	36.8	39.7	43.1	46.8
10300.0	17.4	24.4	27.3	30.5	33.6	36.8	39.7	43.1	46.8
10310.0	17.4	24.4	27.3	30.5	33.6	36.8	39.6	43.1	46.8
10320.0	17.5	24.4	27.3	30.5	33.6	36.8	39.6	43.1	46.8
10330.0	17.5	24.4	27.3	30.5	33.6	36.8	39.7	43.1	46.8
10340.0	17.5	24.4	27.3	30.5	33.6	36.8	39.7	43.1	46.8
10350.0	17.5	24.4	27.3	30.5	33.6	36.8	39.7	43.1	46.8
10360.0	17.5	24.4	27.3	30.5	33.6	36.8	39.7	43.1	46.8
10370.0	17.4	24.4	27.3	30.5	33.6	36.8	39.7	43.1	46.8
10380.0	17.4	24.4	27.3	30.5	33.6	36.8	39.7	43.1	46.8
10390.0	17.5	24.4	27.3	30.5	33.6	36.8	39.7	43.1	46.8
10400.0	17.5	24.4	27.3	30.5	33.6	36.8	39.7	43.1	46.8
10410.0	17.5	24.4	27.3	30.5	33.6	36.8	39.7	43.1	46.8
10420.0	17.5	24.4	27.3	30.5	33.6	36.8	39.7	43.1	46.8
10430.0	17.6	24.4	27.3	30.5	33.6	36.8	39.7	43.1	46.8
10440.0	17.4	24.4	27.3	30.5	33.6	36.8	39.7	43.1	46.8
10450.0	17.4	24.4	27.3	30.5	33.6	36.8	39.7	43.1	46.8
10460.0	17.4	24.4	27.3	30.5	33.6	36.8	39.7	43.1	46.8
10470.0	17.3	24.4	27.3	30.5	33.6	36.8	39.7	43.1	46.8
10480.0	17.3	24.4	27.3	30.5	33.6	36.8	39.7	43.1	46.8
10490.0	17.4	24.4	27.3	30.5	33.6	36.8	39.7	43.1	46.8
10500.0	17.4	24.4	27.3	30.5	33.6	36.8	39.7	43.1	46.8
10510.0	17.5	24.4	27.3	30.5	33.5	36.8	39.7	43.1	46.8
10520.0	17.4	24.4	27.3	30.5	33.6	36.8	39.7	43.1	46.8
10530.0	17.5	24.4	27.3	30.5	33.6	36.8	39.7	43.1	46.8
10540.0	17.5	24.4	27.3	30.5	33.6	36.8	39.7	43.1	46.8
10550.0	17.5	24.4	27.3	30.5	33.6	36.8	39.7	43.1	46.8
10560.0	17.5	24.4	27.3	30.5	33.6	36.8	39.7	43.1	46.8
10570.0	17.4	24.4	27.3	30.5	33.6	36.8	39.7	43.1	46.8
10580.0	17.6	24.4	27.3	30.5	33.6	36.8	39.7	43.1	46.8
10590.0	17.4	24.4	27.3	30.5	33.6	36.8	39.7	43.1	46.8
10600.0	17.3	24.4	27.3	30.5	33.6	36.8	39.7	43.1	46.8
10610.0	17.4	24.4	27.3	30.5	33.6	36.8	39.7	43.1	46.8
10620.0	17.3	24.4	27.3	30.5	33.6	36.8	39.7	43.1	46.8
10630.0	17.3	24.4	27.3	30.5	33.6	36.8	39.7	43.1	46.8
10640.0	17.4	24.4	27.3	30.5	33.6	36.8	39.7	43.1	46.8
10650.0	17.4	24.4	27.3	30.5	33.6	36.8	39.7	43.1	46.8
10660.0	17.4	24.4	27.3	30.5	33.6	36.8	39.7	43.2	46.8
10670.0	17.4	24.4	27.3	30.5	33.6	36.8	39.7	43.1	46.8
10680.0	17.4	24.4	27.3	30.5	33.6	36.8	39.7	43.1	46.8
10690.0	17.4	24.4	27.3	30.5	33.6	36.8	39.7	43.1	46.8
10700.0	17.5	24.4	27.3	30.5	33.6	36.8	39.7	43.2	46.8
10710.0	17.5	24.4	27.3	30.5	33.6	36.8	39.7	43.1	46.8
10720.0	17.5	24.4	27.3	30.5	33.6	36.8	39.7	43.2	46.8
10730.0	17.6	24.4	27.3	30.5	33.6	36.8	39.7	43.1	46.8
10740.0	17.6	24.4	27.3	30.5	33.6	36.8	39.7	43.1	46.8
10750.0	17.5	24.4	27.3	30.5	33.6	36.8	39.7	43.1	46.8
10760.0	17.5	24.4	27.3	30.5	33.6	36.8	39.7	43.1	46.8
10770.0	17.4	24.4	27.3	30.5	33.6	36.8	39.7	43.2	46.8
10780.0	17.4	24.4	27.3	30.5	33.6	36.8	39.7	43.1	46.8
10790.0	17.5	24.4	27.3	30.5	33.6	36.8	39.7	43.1	46.8
10800.0	17.5	24.4	27.3	30.5	33.6	36.8	39.7	43.1	46.8
10810.0	17.4	24.4	27.3	30.5	33.6	36.8	39.7	43.2	46.8
10820.0	17.4	24.4	27.3	30.5	33.6	36.8	39.7	43.1	46.9
10830.0	17.4	24.4	27.3	30.5	33.6	36.8	39.7	43.1	46.8
10840.0	17.5	24.4	27.3	30.5	33.6	36.8	39.7	43.1	46.8
10850.0	17.4	24.4	27.3	30.5	33.6	36.8	39.7	43.1	46.8
10860.0	17.4	24.4	27.3	30.5	33.6	36.8	39.7	43.1	46.8
10870.0	17.5	24.4	27.3	30.5	33.6	36.8	39.7	43.2	46.8
10880.0	17.6	24.4	27.3	30.5	33.6	36.8	39.7	43.1	46.8
10890.0	17.6	24.4	27.3	30.5	33.6	36.8	39.7	43.1	46.8
10900.0	17.6	24.4	27.3	30.5	33.6	36.8	39.7	43.1	46.8
10910.0	17.5	24.4	27.3	30.5	33.6	36.8	39.7	43.2	46.8
10920.0	17.5	24.4	27.3	30.5	33.6	36.8	39.7	43.2	46.9
10930.0	17.5	24.4	27.3	30.5	33.6	36.8	39.7	43.2	46.9
10940.0	17.5	24.4	27.3	30.5	33.6	36.8	39.7	43.2	46.8
10950.0	17.4	24.4	27.3	30.5	33.6	36.8	39.7	43.2	46.9
10960.0	17.4	24.4	27.3	30.5	33.6	36.8	39.7	43.1	46.8
10970.0	17.4	24.4	27.3	30.5	33.6	36.8	39.7	43.2	46.8
10980.0	17.3	24.4	27.3	30.5	33.6	36.8	39.7	43.2	46.8
10990.0	17.4	24.4	27.3	30.5	33.6	36.8	39.7	43.2	46.9
11000.0	17.3	24.4	27.3	30.5	33.6	36.8	39.7	43.1	46.8
11010.0	17.3	24.4	27.3	30.5	33.6	36.8	39.7	43.2	46.8
11020.0	17.4	24.4	27.3	30.5	33.6	36.8	39.7	43.2	46.9
11030.0	17.4	24.4	27.3	30.5	33.6	36.8	39.7	43.2	46.8
11040.0	17.4	24.4	27.3	30.5	33.6	36.8	39.7	43.2	46.9
11050.0	17.4	24.4	27.3	30.5	33.6	36.8	39.7	43.2	46.8
11060.0	17.5	24.4	27.3	30.5	33.6	36.8	39.7	43.2	46.9
11070.0	17.5	24.4	27.3	30.5	33.6	36.8	39.7	43.2	46.9
11080.0	17.5	24.4	27.3	30.5	33.6	36.8	39.7	43.2	46.9
11090.0	17.5	24.4	27.3	30.5	33.6	36.8	39.7	43.2	46.8
11100.0	17.4	24.4	27.3	30.5	33.6	36.8	39.7	43.2	46.9
11110.0	17.3	24.4	27.3	30.5	33.6	36.8	39.7	43.2	46.9
11120.0	17.4	24.4	27.3	30.5	33.6	36.8	39.7	43.2	46.9
11130.0	17.4	24.4	27.3	30.5	33.6	36.8	39.7	43.2	46.9
11140.0	17.3	24.4	27.3	30.5	33.6	36.8	39.7	43.2	46.9
11150.0	17.3	24.4	27.3	30.5	33.6	36.8	39.7	43.2	46.9
11160.0	17.4	24.4	27.3	30.5	33.6	36.8	39.7	43.2	46.9
11170.0	17.3	24.4	27.3	30.5	33.6	36.8	39.7	43.2	46.9
11180.0	17.4	24.4	27.3	30.5	33.6	36.8	39.7	43.2	46.9
11190.0	17.3	24.4	27.3	30.5	33.6	36.8	39.7	43.2	46.9
11200.0	17.3	24.4	27.3	30.5	33.6	36.8	39.7	43.2	46.9
11210.0	17.3	24.4	27.3	30.5	33.6	36.8	39.7	43.2	46.9
11220.0	17.3	24.4	27.3	30.5	33.6	36.8	39.7	43.2	46.9
11230.0	17.3	24.4	27.3	30.5	33.6	36.8	39.7	43.2	46.9
11240.0	17.3	24.4	27.3	30.5	33.6	36.8	39.7	43.2	46.9
11250.0	17.4	24.4	27.3	30.5	33.6	36.8	39.7	43.2	46.9
11260.0	17.4	24.4	27.3	30.5	33.6	36.8	39.7	43.2	46.9
11270.0	17.4	24.4	27.3	30.5	33.6	36.8	39.7	43.2	46.9
11280.0	17.4	24.4	27.3	30.5	33.6	36.8	39.7	43.2	46.9
11290.0	17.5	24.4	27.3	30.5	33.6	36.8	39.7	43.2	46.9
11300.0	17.5	24.4	27.3	30.5	33.6	36.8	39.7	43.2	46.9
11310.0	17.4	24.4	27.3	30.5	33.6	36.8	39.7	43.2	46.9
11320.0	17.3	24.4	27.3	30.5	33.6	36.8	39.7	43.2	46.9
11330.0	17.4	24.4	27.3	30.5	33.6	36.8	39.7	43.2	46.9
11340.0	17.4	24.4	27.3	30.5	33.6	36.8	39.7	43.2	46.9
11350.0	17.3	24.4	27.3	30.5	33.6	36.8	39.7	43.2	46.9
11360.0	17.3	24.4	27.3	30.5	33.6	36.8	39.7	43.2	46.9
11370.0	17.3	24.4	27.3	30.5	33.6	36.8	39.7	43.2	46.9
11380.0	17.2	24.4	27.3	30.5	33.6	36.8	39.7	43.2	46.9
11390.0	17.3	24.4	27.3	30.5	33.6	36.8	39.7	43.2	46.9
11400.0	17.3	24.4	27.3	30.5	33.6	36.8	39.7	43.2	46.9
11410.0	17.4	24.4	27.3	30.5	33.6	36.8	39.7	43.2	46.9
11420.0	17.4	24.4	27.3	30.5	33.6	36.8	39.7	43.2	46.9
11430.0	17.4	24.4	27.3	30.5	33.6	36.8	39.7	43.2	46.9
11440.0	17.3	24.4	27.3	30.5	33.6	36.8	39.7	43.2	46.9
11450.0	17.4	24.4	27.3	30.5	33.6	36.8	39.7	43.2	46.9
11460.0	17.4	24.4	27.3	30.5	33.6	36.8	39.7	43.2	46.9
11470.0	17.4	24.4	27.3	30.5	33.6	36.8	39.7	43.2	46.9
11480.0	17.4	24.4	27.3	30.5	33.6	36.8	39.7	43.2	46.9
11490.0	17.4	24.4	27.3	30.5	33.6	36.8	39.7	43.2	46.9
11500.0	17.3	24.4	27.3	30.5	33.6	36.8	39.7	43.2	46.9
11510.0	17.4	24.4	27.3	30.5	33.6	36.8	39.7	43.2	46.9
11520.0	17.4	24.4	27.3	30.5	33.6	36.8	39.7	43.2	46.9
11530.0	17.4	24.4	27.3	30.5	33.6	36.8	39.7	43.2	46.9
11540.0	17.4	24.4	27.3	30.5	33.6	36.8	39.7	43.2	46.9
11550.0	17.4	24.4	27.3	30.5	33.6	36.8	39.7	43.2	46.9
11560.0	17.3	24.4	27.3	30.5	33.6	36.8	39.7	43.2	46.9
11570.0	17.4	24.4	27.3	30.5	33.6	36.8	39.7	43.2	46.9
11580.0	17.4	24.4	27.3	30.5	33.6	36.8	39.7	43.2	46.9
11590.0	17.4	24.4	27.3	30.5	33.6	36.8	39.7	43.2	46.9
11600.0	17.5	24.4	27.3	30.5	33.6	36.8	39.7	43.2	46.9
11610.0	17.5	24.4	27.3	30.5	33.6	36.8	39.7	43.2	46.9
11620.0	17.5	24.4	27.3	30.5	33.6	36.8	39.7	43.2	46.9
11630.0	17.5	24.4	27.3	30.5	33.6	36.8	39.7	43.2	46.9
11640.0	17.4	24.4	27.3	30.5	33.6	36.8	39.7	43.2	46.9
11650.0	17.4	24.4	27.3	30.5	33.6	36.8	39.7	43.2	46.9
11660.0	17.4	24.4	27.3	30.5	33.6	36.8	39.7	43.2	46.9
11670.0	17.4	24.4	27.3	30.5	33.6	36.8	39.7	43.2	46.9
11680.0	17.4	24.4	27.3	30.5	33.6	36.8	39.7	43.2	46.9
11690.0	17.5	24.4	27.3	30.5	33.6	36.8	39.7	43.2	46.9
11700.0	17.4	24.4	27.3	30.5	33.6	36.8	39.7	43.2	46.9
11710.0	17.4	24.4	27.3	30.5	33.6	36.8	39.7	43.2	46.9
11720.0	17.3	24.4	27.3	30.5	33.6	36.8	39.7	43.2	46.9
11730.0	17.4	24.5	27.3	30.5	33.6	36.8	39.7	43.2	46.9
11740.0	17.4	24.4	27.3	30.5	33.6	36.8	39.7	43.2	46.9
11750.0	17.4	24.4	27.3	30.5	33.6	36.8	39.7	43.2	46.9
11760.0	17.5	24.4	27.3	30.5	33.6	36.9	39.7	43.2	46.9
11770.0	17.5	24.4	27.3	30.5	33.6	36.8	39.7	43.2	46.9
11780.0	17.4	24.4	27.3	30.5	33.6	36.8	39.7	43.2	46.9
11790.0	17.5	24.5	27.3	30.5	33.6	36.8	39.7	43.2	46.9
11800.0	17.5	24.5	27.3	30.5	33.6	36.8	39.7	43.2	46.9
11810.0	17.5	24.5	27.3	30.5	33.6	36.8	39.7	43.2	46.9
11820.0	17.4	24.5	27.3	30.5	33.6	36.8	39.7	43.2	46.9
11830.0	17.4	24.5	27.3	30.5	33.6	36.8	39.7	43.2	46.9
11840.0	17.6	24.4	27.3	30.5	33.6	36.8	39.7	43.2	46.9
11850.0	17.5	24.5	27.3	30.5	33.6	36.8	39.7	43.2	46.9
11860.0	17.5	24.5	27.3	30.5	33.6	36.8	39.7	43.2	46.9
11870.0	17.5	24.5	27.3	30.5	33.6	36.8	39.7	43.2	46.9
11880.0	17.5	24.5	27.3	30.5	33.6	36.8	39.7	43.2	46.9
11890.0	17.4	24.5	27.3	30.5	33.6	36.8	39.7	43.2	46.9
11900.0	17.4	24.5	27.3	30.5	33.6	36.8	39.7	43.2	46.9
11910.0	17.4	24.4	27.3	30.5	33.6	36.8	39.7	43.2	46.9
11920.0	17.4	24.5	27.3	30.5	33.6	36.8	39.7	43.2	46.9
11930.0	17.4	24.5	27.3	30.5	33.6	36.9	39.7	43.2	46.9
11940.0	17.3	24.5	27.3	30.5	33.6	36.8	39.7	43.2	46.9
11950.0	17.4	24.5	27.3	30.5	33.6	36.8	39.7	43.2	46.9
11960.0	17.4	24.5	27.3	30.5	33.6	36.8	39.7	43.2	46.9
11970.0	17.3	24.5	27.3	30.5	33.6	36.8	39.7	43.2	46.9
11980.0	17.3	24.4	27.3	30.5	33.6	36.8	39.7	43.2	46.9
11990.0	17.5	24.4	27.3	30.5	33.6	36.8	39.7	43.2	46.9
12000.0	17.4	24.5	27.3	30.5	33.6	36.8	39.7	43.2	46.9
12010.0	17.4	24.4	27.3	30.5	33.6	36.8	39.7	43.2	46.9
12020.0	17.4	24.4	27.3	30.5	33.6	36.8	39.7	43.2	46.9
12030.0	17.4	24.4	27.3	30.5	33.6	36.9	39.7	43.2	46.9
12040.0	17.4	24.4	27.3	30.5	33.6	36.9	39.7	43.2	46.9
12050.0	17.4	24.4	27.3	30.5	33.6	36.9	39.7	43.2	46.9
12060.0	17.4	24.4	27.3	30.5	33.6	36.8	39.7	43.2	46.9
12070.0	17.4	24.4	27.3	30.5	33.6	36.8	39.7	43.2	46.9
12080.0	17.4	24.4	27.3	30.5	33.6	36.9	39.7	43.2	46.9
12090.0	17.4	24.4	27.3	30.5	33.6	36.8	39.7	43.2	46.9
12100.0	17.4	24.4	27.3	30.5	33.6	36.8	39.7	43.2	46.9
12110.0	17.4	24.4	27.3	30.5	33.6	36.8	39.7	43.2	46.9
12120.0	17.4	24.4	27.3	30.5	33.6	36.9	39.7	43.2	46.9
12130.0	17.4	24.4	27.3	30.5	33.6	36.8	39.7	43.2	46.9
12140.0	17.4	24.4	27.3	30.5	33.6	36.8	39.7	43.2	46.9
12150.0	17.3	24.4	27.3	30.5	33.6	36.8	39.7	43.2	46.9
12160.0	17.3	24.4	27.3	30.5	33.6	36.8	39.7	43.2	46.9
12170.0	17.4	24.4	27.3	30.5	33.6	36.9	39.7	43.2	46.9
12180.0	17.4	24.4	27.3	30.5	33.6	36.8	39.7	43.2	46.9
12190.0	17.4	24.4	27.3	30.5	33.6	36.8	39.7	43.2	46.9
12200.0	17.3	24.4	27.3	30.5	33.6	36.9	39.7	43.2	46.9
12210.0	17.5	24.4	27.3	30.5	33.6	36.8	39.7	43.2	46.9
12220.0	17.4	24.4	27.3	30.5	33.6	36.9	39.7	43.2	46.9
12230.0	17.4	24.4	27.3	30.5	33.6	36.8	39.7	43.2	46.9
12240.0	17.5	24.4	27.3	30.5	33.6	36.8	39.7	43.2	46.9
12250.0	17.4	24.4	27.3	30.5	33.6	36.8	39.7	43.2	46.9
12260.0	17.4	24.4	27.3	30.5	33.6	36.8	39.7	43.2	46.9
12270.0	17.4	24.4	27.3	30.5	33.6	36.8	39.7	43.2	46.9
12280.0	17.4	24.4	27.3	30.5	33.6	36.8	39.7	43.2	46.9
12290.0	17.4	24.4	27.3	30.5	33.6	36.8	39.7	43.2	46.9
12300.0	17.4	24.4	27.3	30.5	33.6	36.8	39.7	43.2	46.9
12310.0	17.5	24.4	27.3	30.5	33.6	36.8	39.7	43.2	46.9
12320.0	17.4	24.4	27.3	30.5	33.6	36.8	39.7	43.2	46.9
12330.0	17.4	24.4	27.3	30.5	33.6	36.8	39.7	43.2	46.9
12340.0	17.4	24.4	27.3	30.5	33.6	36.8	39.7	43.2	46.9
12350.0	17.5	24.4	27.3	30.5	33.6	36.8	39.7	43.2	46.9
12360.0	17.5	24.4	27.3	30.5	33.6	36.9	39.7	43.2	46.9
12370.0	17.5	24.4	27.3	30.5	33.6	36.9	39.7	43.2	46.9
12380.0	17.4	24.4	27.3	30.5	33.6	36.8	39.7	43.2	46.9
12390.0	17.3	24.4	27.3	30.5	33.6	36.8	39.7	43.2	46.9
12400.0	17.4	24.4	27.3	30.5	33.6	36.8	39.7	43.2	46.9
12410.0	17.4	24.4	27.3	30.5	33.6	36.8	39.7	43.2	46.9
12420.0	17.3	24.4	27.3	30.5	33.6	36.8	39.7	43.2	46.9
12430.0	17.4	24.4	27.3	30.5	33.6	36.9	39.7	43.2	46.9
12440.0	17.4	24.4	27.3	30.5	33.6	36.8	39.7	43.2	46.9
12450.0	17.4	24.4	27.3	30.5	33.6	36.8	39.7	43.2	46.9
12460.0	17.4	24.4	27.3	30.5	33.6	36.8	39.7	43.2	46.9
12470.0	17.3	24.4	27.3	30.5	33.6	36.8	39.7	43.2	46.9
12480.0	17.3	24.4	27.3	30.5	33.6	36.8	39.7	43.2	46.9
12490.0	17.5	24.4	27.3	30.5	33.6	36.8	39.7	43.2	46.9
12500.0	17.5	24.4	27.3	30.5	33.6	36.8	39.7	43.2	46.9
12510.0	17.3	24.4	27.3	30.5	33.6	36.8	39.7	43.2	46.9
12520.0	17.5	24.4	27.3	30.5	33.6	36.8	39.7	43.2	46.9
12530.0	17.4	24.4	27.3	30.5	33.6	36.8	39.7	43.2	46.9
12540.0	17.4	24.4	27.3	30.5	33.6	36.8	39.7	43.2	46.9
12550.0	17.3	24.4	27.3	30.5	33.6	36.8	39.7	43.2	46.9
12560.0	17.3	24.4	27.3	30.5	33.6	36.8	39.7	43.2	46.9
12570.0	17.4	24.4	27.3	30.5	33.6	36.8	39.7	43.2	46.9
12580.0	17.3	24.4	27.3	30.5	33.6	36.8	39.7	43.2	46.9
12590.0	17.3	24.4	27.3	30.5	33.6	36.8	39.7	43.2	46.9
12600.0	17.4	24.4	27.3	30.5	33.6	36.8	39.7	43.2	46.9
12610.0	17.3	24.4	27.3	30.5	33.6	36.8	39.7	43.2	46.9
12620.0	17.4	24.4	27.3	30.5	33.6	36.8	39.7	43.2	46.9
12630.0	17.3	24.4	27.3	30.5	33.6	36.8	39.7	43.2	46.9
12640.0	17.3	24.4	27.3	30.5	33.6	36.8	39.7	43.2	46.9
12650.0	17.4	24.4	27.3	30.5	33.6	36.8	39.7	43.2	46.9
12660.0	17.4	24.4	27.3	30.5	33.6	36.8	39.7	43.2	46.9
12670.0	17.4	24.4	27.3	30.5	33.6	36.8	39.7	43.2	46.9
12680.0	17.4	24.4	27.3	30.5	33.6	36.8	39.7	43.2	46.9
12690.0	17.3	24.4	27.3	30.5	33.6	36.8	39.7	43.2	46.9
12700.0	17.3	24.4	27.3	30.5	33.6	36.8	39.7	43.2	46.9
12710.0	17.2	24.4	27.3	30.5	33.6	36.8	39.7	43.2	46.9
12720.0	17.2	24.4	27.3	30.5	33.6	36.8	39.7	43.2	46.9
12730.0	17.3	24.4	27.3	30.5	33.6	36.8	39.7	43.2	46.9
12740.0	17.3	24.4	27.3	30.5	33.6	36.8	39.7	43.2	46.9
12750.0	17.3	24.4	27.3	30.5	33.6	36.8	39.7	43.2	46.9
12760.0	17.3	24.4	27.3	30.5	33.6	36.8	39.7	43.2	46.9
12770.0	17.3	24.4	27.3	30.5	33.6	36.8	39.7	43.2	46.9
12780.0	17.3	24.4	27.3	30.5	33.6	36.8	39.7	43.2	46.9
12790.0	17.3	24.4	27.3	30.5	33.6	36.8	39.7	43.2	46.9
12800.0	17.3	24.4	27.3	30.5	33.6	36.8	39.7	43.2	46.9
12810.0	17.3	24.4	27.3	30.5	33.6	36.8	39.7	43.2	46.9
12820.0	17.3	24.4	27.3	30.5	33.6	36.8	39.7	43.2	46.9
12830.0	17.3	24.4	27.3	30.5	33.6	36.8	39.7	43.2	46.9
12840.0	17.3	24.4	27.3	30.5	33.6	36.8	39.7	43.2	46.9
12850.0	17.3	24.4	27.3	30.5	33.6	36.8	39.7	43.2	46.9
12860.0	17.3	24.4	27.3	30.5	33.6	36.8	39.7	43.2	46.9
12870.0	17.3	24.4	27.3	30.5	33.6	36.8	39.7	43.2	46.9
12880.0	17.4	24.4	27.3	30.5	33.6	36.8	39.7	43.2	46.9
12890.0	17.3	24.4	27.3	30.5	33.6	36.8	39.7	43.2	46.9
12900.0	17.2	24.4	27.3	30.5	33.6	36.8	39.7	43.2	46.9
12910.0	17.2	24.4	27.3	30.5	33.6	36.8	39.7	43.2	46.9
12920.0	17.2	24.4	27.3	30.5	33.6	36.8	39.7	43.2	46.9
12930.0	17.3	24.4	27.3	30.5	33.6	36.8	39.7	43.2	46.9
12940.0	17.3	24.4	27.3	30.5	33.6	36.8	39.7	43.2	46.9
12950.0	17.3	24.4	27.3	30.5	33.6	36.8	39.7	43.2	46.9
12960.0	17.3	24.4	27.3	30.5	33.6	36.8	39.7	43.2	46.9
12970.0	17.4	24.4	27.3	30.5	33.6	36.8	39.7	43.2	46.9
12980.0	17.4	24.4	27.3	30.5	33.6	36.8	39.7	43.2	46.9
12990.0	17.4	24.4	27.3	30.5	33.6	36.8	39.7	43.2	46.9
13000.0	17.3	24.4	27.3	30.5	33.6	36.8	39.7	43.2	46.9
13010.0	17.4	24.4	27.3	30.5	33.6	36.8	39.7	43.2	46.9
13020.0	17.3	24.4	27.3	30.5	33.6	36.8	39.7	43.2	46.9
13030.0	17.3	24.4	27.3	30.5	33.6	36.8	39.7	43.2	46.9
13040.0	17.3	24.4	27.3	30.5	33.6	36.8	39.7	43.2	46.9
13050.0	17.3	24.4	27.3	30.5	33.6	36.8	39.7	43.2	46.9
13060.0	17.3	24.4	27.3	30.5	33.6	36.8	39.7	43.2	46.9
13070.0	17.2	24.4	27.3	30.5	33.6	36.8	39.7	43.2	46.9
13080.0	17.2	24.4	27.3	30.5	33.6	36.8	39.7	43.2	46.9
13090.0	17.2	24.4	27.3	30.5	33.6	36.8	39.7	43.2	46.9
13100.0	17.3	24.4	27.3	30.5	33.6	36.8	39.7	43.2	46.9
13110.0	17.3	24.4	27.3	30.5	33.6	36.8	39.7	43.2	46.9
13120.0	17.3	24.4	27.3	30.5	33.6	36.8	39.7	43.2	46.9
13130.0	17.3	24.4	27.3	30.5	33.6	36.8	39.7	43.2	46.9
13140.0	17.2	24.4	27.3	30.5	33.6	36.8	39.7	43.2	46.9
13150.0	17.3	24.4	27.3	30.5	33.6	36.8	39.7	43.2	46.9
13160.0	17.3	24.4	27.3	30.5	33.6	36.8	39.7	43.2	46.9
13170.0	17.3	24.4	27.3	30.5	33.6	36.8	39.7	43.2	46.9
13180.0	17.3	24.4	27.3	30.5	33.6	36.8	39.7	43.2	46.9
13190.0	17.3	24.4	27.3	30.5	33.6	36.8	39.7	43.2	46.9
13200.0	17.3	24.4	27.3	30.5	33.6	36.8	39.7	43.2	46.9
13210.0	17.3	24.4	27.3	30.5	33.6	36.8	39.7	43.2	46.9
13220.0	17.3	24.4	27.3	30.5	33.6	36.8	39.7	43.2	46.9
13230.0	17.2	24.4	27.3	30.5	33.6	36.8	39.7	43.2	46.9
13240.0	17.2	24.4	27.3	30.5	33.6	36.8	39.7	43.2	46.9
13250.0	17.2	24.4	27.3	30.5	33.6	36.8	39.7	43.2	46.9
13260.0	17.2	24.4	27.3	30.5	33.6	36.8	39.7	43.2	46.9
13270.0	17.2	24.4	27.3	30.5	33.6	36.8	39.7	43.2	46.9
13280.0	17.2	24.4	27.3	30.5	33.6	36.8	39.7	43.2	46.9
13290.0	17.2	24.4	27.3	30.5	33.6	36.8	39.7	43.2	46.9
13300.0	17.3	24.4	27.3	30.5	33.6	36.8	39.7	43.2	46.9
13310.0	17.3	24.4	27.3	30.5	33.6	36.8	39.7	43.2	46.9
13320.0	17.3	24.4	27.3	30.5	33.6	36.8	39.7	43.2	46.9
13330.0	17.3	24.4	27.3	30.5	33.6	36.8	39.7	43.2	46.9
13340.0	17.3	24.4	27.3	30.5	33.6	36.8	39.7	43.2	46.9
13350.0	17.4	24.4	27.3	30.5	33.6	36.8	39.7	43.2	46.9
13360.0	17.4	24.4	27.3	30.5	33.6	36.8	39.7	43.2	46.9
13370.0	17.5	24.4	27.3	30.5	33.6	36.8	39.7	43.2	46.9
13380.0	17.4	24.4	27.3	30.5	33.6	36.8	39.7	43.2	46.9
13390.0	17.4	24.4	27.3	30.5	33.6	36.8	39.7	43.2	46.9
13400.0	17.3	24.4	27.3	30.5	33.6	36.8	39.7	43.2	46.9
13410.0	17.4	24.4	27.3	30.5	33.6	36.8	39.7	43.2	46.9
13420.0	17.3	24.4	27.3	30.5	33.6	36.8	39.7	43.2	46.9
13430.0	17.3	24.4	27.3	30.5	33.6	36.8	39.7	43.2	46.9
13440.0	17.3	24.4	27.3	30.5	33.6	36.8	39.7	43.2	46.9
13450.0	17.3	24.4	27.3	30.5	33.6	36.8	39.7	43.2	46.9
13460.0	17.3	24.4	27.3	30.5	33.6	36.8	39.7	43.2	46.9
13470.0	17.3	24.4	27.3	30.5	33.6	36.8	39.7	43.2	46.9
13480.0	17.3	24.4	27.3	30.5	33.6	36.8	39.7	43.2	46.9
13490.0	17.4	24.4	27.3	30.5	33.6	36.8	39.7	43.2	46.9
13500.0	17.5	24.4	27.3	30.5	33.6	36.8	39.7	43.2	46.9
13510.0	17.5	24.4	27.3	30.5	33.6	36.8	39.7	43.2	46.9
13520.0	17.5	24.4	27.3	30.5	33.6	36.8	39.7	43.2	46.9
13530.0	17.4	24.4	27.3	30.5	33.6	36.8	39.7	43.2	46.9
13540.0	17.4	24.4	27.3	30.5	33.6	36.8	39.7	43.2	46.9
13550.0	17.4	24.4	27.3	30.5	33.6	36.8	39.7	43.2	46.9
13560.0	17.4	24.4	27.3	30.5	33.6	36.8	39.7	43.2	46.9
13570.0	17.4	24.4	27.3	30.5	33.6	36.8	39.7	43.2	46.9
13580.0	17.4	24.4	27.3	30.5	33.6	36.8	39.7	43.2	46.9
13590.0	17.4	24.4	27.3	30.5	33.6	36.8	39.7	43.2	46.9
13600.0	17.4	24.4	27.3	30.5	33.6	36.8	39.7	43.2	46.9
13610.0	17.4	24.4	27.3	30.5	33.6	36.8	39.7	43.2	46.9
13620.0	17.4	24.4	27.3	30.5	33.6	36.8	39.7	43.2	46.9
13630.0	17.3	24.4	27.3	30.5	33.6	36.8	39.7	43.2	46.9
13640.0	17.4	24.4	27.3	30.5	33.6	36.8	39.7	43.2	46.9
13650.0	17.4	24.4	27.3	30.5	33.6	36.8	39.7	43.2	46.9
13660.0	17.3	24.4	27.3	30.5	33.6	36.8	39.7	43.2	46.9
13670.0	17.3	24.4	27.3	30.5	33.6	36.8	39.7	43.2	46.9
13680.0	17.3	24.4	27.3	30.5	33.6	36.8	39.7	43.2	46.9
13690.0	17.4	24.4	27.3	30.5	33.6	36.8	39.7	43.2	46.9
13700.0	17.5	24.4	27.3	30.5	33.6	36.8	39.7	43.2	46.9
13710.0	17.4	24.4	27.3	30.5	33.6	36.8	39.7	43.2	46.9
13720.0	17.4	24.4	27.3	30.5	33.6	36.8	39.7	43.2	46.9
13730.0	17.5	24.4	27.3	30.5	33.6	36.8	39.7	43.2	46.9
13740.0	17.4	24.4	27.3	30.5	33.6	36.8	39.7	43.2	46.9
13750.0	17.3	24.4	27.3	30.5	33.6	36.8	39.7	43.2	46.9
13760.0	17.5	24.4	27.3	30.5	33.6	36.8	39.7	43.2	46.9
13770.0	17.4	24.4	27.3	30.5	33.6	36.8	39.7	43.2	46.9
13780.0	17.5	24.4	27.3	30.5	33.6	36.8	39.7	43.2	46.9
13790.0	17.4	24.4	27.3	30.5	33.6	36.8	39.7	43.2	46.9
13800.0	17.5	24.4	27.3	30.5	33.6	36.8	39.7	43.2	46.9
13810.0	17.4	24.4	27.3	30.5	33.6	36.8	39.7	43.2	46.9
13820.0	17.5	24.4	27.3	30.5	33.6	36.8	39.7	43.2	46.9
13830.0	17.4	24.4	27.3	30.5	33.6	36.8	39.7	43.2	46.9
13840.0	17.4	24.4	27.3	30.5	33.6	36.8	39.7	43.2	46.9
13850.0	17.4	24.4	27.3	30.5	33.6	36.8	39.7	43.2	46.9
13860.0	17.4	24.4	27.3	30.5	33.6	36.8	39.7	43.2	46.9
13870.0	17.3	24.4	27.3	30.5	33.6	36.8	39.7	43.2	46.9
13880.0	17.3	24.4	27.3	30.5	33.6	36.8	39.7	43.2	46.9
13890.0	17.4	24.4	27.3	30.5	33.6	36.8	39.7	43.2	46.9
13900.0	17.5	24.4	27.3	30.5	33.6	36.8	39.7	43.2	46.9
13910.0	17.5	24.4	27.3	30.5	33.6	36.8	39.7	43.2	46.9
13920.0	17.4	24.4	27.3	30.5	33.6	36.8	39.7	43.2	46.9
13930.0	17.3	24.4	27.3	30.5	33.6	36.8	39.7	43.2	46.9
13940.0	17.4	24.4	27.3	30.5	33.6	36.8	39.7	43.2	46.9
13950.0	17.4	24.4	27.3	30.5	33.6	36.8	39.7	43.2	46.9
13960.0	17.4	24.4	27.3	30.5	33.6	36.8	39.7	43.2	46.9
13970.0	17.3	24.4	27.3	30.5	33.6	36.8	39.7	43.2	46.9
13980.0	17.4	24.4	27.3	30.5	33.6	36.8	39.7	43.2	46.9
13990.0	17.4	24.4	27.3	30.5	33.6	36.8	39.7	43.2	46.9
14000.0	17.4	24.4	27.3	30.5	33.6	36.8	39.7	43.2	46.9
14010.0	17.5	24.4	27.3	30.5	33.6	36.8	39.7	43.2	46.9
14020.0	17.4	24.4	27.3	30.5	33.6	36.8	39.7	43.2	46.9
14030.0	17.4	24.4	27.3	30.5	33.6	36.8	39.7	43.2	46.9
14040.0	17.4	24.4	27.3	30.5	33.6	36.8	39.7	43.2	46.9
14050.0	17.5	24.4	27.3	30.5	33.6	36.8	39.7	43.2	46.9
14060.0	17.5	24.4	27.3	30.5	33.6	36.8	39.7	43.2	46.9
14070.0	17.5	24.4	27.3	30.5	33.6	36.8	39.7	43.2	46.9
14080.0	17.5	24.4	27.3	30.5	33.6	36.8	39.7	43.2	46.9
14090.0	17.4	24.4	27.3	30.5	33.6	36.8	39.7	43.2	46.9
14100.0	17.4	24.4	27.3	30.5	33.6	36.8	39.7	43.2	46.9
14110.0	17.4	24.4	27.3	30.5	33.6	36.8	39.7	43.2	46.9
14120.0	17.4	24.4	27.3	30.5	33.6	36.8	39.7	43.2	46.9
14130.0	17.4	24.4	27.3	30.5	33.6	36.8	39.7	43.2	46.9
14140.0	17.3	24.4	27.3	30.5	33.6	36.8	39.7	43.2	46.9
14150.0	17.4	24.4	27.3	30.5	33.6	36.8	39.7	43.2	46.9
14160.0	17.4	24.4	27.3	30.5	33.6	36.8	39.7	43.2	46.9
14170.0	17.4	24.4	27.3	30.5	33.6	36.8	39.7	43.1	46.9
14180.0	17.4	24.4	27.3	30.5	33.6	36.8	39.7	43.2	46.9
14190.0	17.3	24.4	27.3	30.5	33.6	36.8	39.7	43.2	46.9
14200.0	17.4	24.4	27.3	30.5	33.6	36.8	39.7	43.2	46.9
14210.0	17.4	24.4	27.3	30.5	33.6	36.8	39.7	43.2	46.9
14220.0	17.5	24.4	27.3	30.5	33.6	36.8	39.7	43.2	46.9
14230.0	17.4	24.4	27.3	30.5	33.6	36.8	39.7	43.2	46.9
14240.0	17.4	24.4	27.3	30.5	33.6	36.8	39.7	43.1	46.9
14250.0	17.4	24.4	27.3	30.5	33.6	36.8	39.7	43.2	46.9
14260.0	17.5	24.4	27.3	30.5	33.6	36.8	39.7	43.2	46.9
14270.0	17.5	24.4	27.3	30.5	33.6	36.8	39.7	43.2	46.9
14280.0	17.5	24.4	27.3	30.5	33.6	36.8	39.7	43.2	46.9
14290.0	17.5	24.4	27.3	30.5	33.6	36.8	39.7	43.1	46.8
14300.0	17.4	24.4	27.3	30.5	33.6	36.8	39.7	43.2	46.9
14310.0	17.4	24.4	27.3	30.5	33.6	36.8	39.7	43.1	46.8
14320.0	17.4	24.4	27.3	30.5	33.6	36.8	39.7	43.2	46.8
14330.0	17.4	24.4	27.3	30.5	33.6	36.8	39.7	43.2	46.9
14340.0	17.6	24.4	27.3	30.5	33.6	36.8	39.7	43.1	46.8
14350.0	17.3	24.4	27.3	30.5	33.6	36.8	39.7	43.1	46.9
14360.0	17.2	24.4	27.3	30.5	33.6	36.8	39.7	43.1	46.8
14370.0	17.2	24.4	27.3	30.5	33.6	36.8	39.7	43.2	46.9
14380.0	17.3	24.4	27.3	30.5	33.6	36.8	39.7	43.1	46.8
14390.0	17.4	24.4	27.3	30.5	33.6	36.8	39.7	43.1	46.8
14400.0	17.5	24.4	27.3	30.5	33.6	36.8	39.7	43.2	46.9
14410.0	17.4	24.4	27.3	30.5	33.6	36.8	39.7	43.1	46.9
14420.0	17.4	24.4	27.3	30.5	33.6	36.8	39.7	43.2	46.9
14430.0	17.4	24.4	27.3	30.5	33.6	36.8	39.7	43.1	46.8
14440.0	17.3	24.4	27.3	30.5	33.6	36.8	39.7	43.2	46.8
14450.0	17.4	24.4	27.3	30.5	33.6	36.8	39.7	43.1	46.8
14460.0	17.4	24.4	27.3	30.5	33.6	36.8	39.7	43.1	46.8
14470.0	17.4	24.4	27.3	30.5	33.6	36.8	39.7	43.1	46.8
14480.0	17.4	24.4	27.3	30.5	33.6	36.8	39.7	43.2	46.8
14490.0	17.3	24.4	27.3	30.5	33.6	36.8	39.7	43.1	46.8
14500.0	17.4	24.4	27.3	30.5	33.6	36.8	39.7	43.1	46.8
14510.0	17.5	24.4	27.3	30.5	33.6	36.8	39.7	43.1	46.9
14520.0	17.4	24.4	27.3	30.5	33.6	36.8	39.7	43.1	46.8
14530.0	17.4	24.4	27.3	30.5	33.6	36.8	39.7	43.1	46.8
14540.0	17.4	24.4	27.3	30.5	33.6	36.8	39.7	43.1	46.8
